0 0 1 0 4 7 9 3 5 6 2 8
6 1 1 5 4 7 9 3 0 6 2 8
5 1 1 5 4 7 9 0 3 6 2 8
1 3 1 0 4 7 9 5 3 6 2 8
6 1 1 3 4 7 9 5 0 6 2 8
5 1 1 3 4 7 9 0 5 6 2 8
4 3 1 3 4 7 0 9 5 6 2 8
8 3 1 3 4 7 2 9 5 6 0 8
9 1 1 3 4 7 2 9 5 6 8 0
4 1 1 3 4 7 0 9 5 6 8 2
5 3 1 3 4 7 9 0 5 6 8 2
9 2 1 3 4 7 9 2 5 6 8 0
0 3 0 3 4 7 9 2 5 6 8 1
6 3 5 3 4 7 9 2 0 6 8 1
1 1 5 0 4 7 9 2 3 6 8 1
0 1 0 5 4 7 9 2 3 6 8 1
9 3 1 5 4 7 9 2 3 6 8 0
3 3 1 5 4 0 9 2 3 6 8 7
2 1 1 5 0 4 9 2 3 6 8 7
1 1 1 0 5 4 9 2 3 6 8 7
6 1 1 3 5 4 9 2 0 6 8 7
5 1 1 3 5 4 9 0 2 6 8 7
4 3 1 3 5 4 0 9 2 6 8 7
9 1 1 3 5 4 7 9 2 6 8 0
3 3 1 3 5 0 7 9 2 6 8 4
4 1 1 3 5 7 0 9 2 6 8 4
5 3 1 3 5 7 9 0 2 6 8 4
9 2 1 3 5 7 9 4 2 6 8 0
0 3 0 3 5 7 9 4 2 6 8 1
6 3 2 3 5 7 9 4 0 6 8 1
5 1 2 3 5 7 9 0 4 6 8 1
0 1 0 3 5 7 9 2 4 6 8 1
9 3 1 3 5 7 9 2 4 6 8 0
62 0.038252830505371094