0 0 5 7 0 4 8 9 3 2 1 6
7 1 5 7 2 4 8 9 3 0 1 6
6 1 5 7 2 4 8 9 0 3 1 6
1 1 5 0 2 4 8 9 7 3 1 6
2 1 5 2 0 4 8 9 7 3 1 6
7 1 5 2 3 4 8 9 7 0 1 6
6 1 5 2 3 4 8 9 0 7 1 6
5 1 5 2 3 4 8 0 9 7 1 6
9 2 5 2 3 4 8 6 9 7 1 0
4 1 5 2 3 4 0 6 9 7 1 8
8 3 5 2 3 4 1 6 9 7 0 8
9 1 5 2 3 4 1 6 9 7 8 0
4 1 5 2 3 4 0 6 9 7 8 1
0 2 0 2 3 4 5 6 9 7 8 1
9 3 1 2 3 4 5 6 9 7 8 0
8 1 1 2 3 4 5 6 9 7 0 8
7 1 1 2 3 4 5 6 9 0 7 8
6 1 1 2 3 4 5 6 0 9 7 8
5 1 1 2 3 4 5 0 6 9 7 8
9 2 1 2 3 4 5 8 6 9 7 0
8 1 1 2 3 4 5 8 6 9 0 7
7 1 1 2 3 4 5 8 6 0 9 7
6 1 1 2 3 4 5 8 0 6 9 7
5 1 1 2 3 4 5 0 8 6 9 7
9 2 1 2 3 4 5 7 8 6 9 0
8 1 1 2 3 4 5 7 8 6 0 9
7 1 1 2 3 4 5 7 8 0 6 9
6 1 1 2 3 4 5 7 0 8 6 9
5 1 1 2 3 4 5 0 7 8 6 9
4 3 1 2 3 4 0 5 7 8 6 9
8 3 1 2 3 4 6 5 7 8 0 9
9 1 1 2 3 4 6 5 7 8 9 0
4 1 1 2 3 4 0 5 7 8 9 6
5 3 1 2 3 4 5 0 7 8 9 6
9 2 1 2 3 4 5 6 7 8 9 0
49 0.012060165405273438