0 0 4 1 3 5 0 9 7 6 8 2
5 3 4 1 3 5 9 0 7 6 8 2
9 2 4 1 3 5 9 2 7 6 8 0
0 3 0 1 3 5 9 2 7 6 8 4
1 1 1 0 3 5 9 2 7 6 8 4
2 1 1 3 0 5 9 2 7 6 8 4
3 1 1 3 5 0 9 2 7 6 8 4
4 1 1 3 5 9 0 2 7 6 8 4
9 1 1 3 5 9 4 2 7 6 8 0
3 3 1 3 5 0 4 2 7 6 8 9
4 1 1 3 5 4 0 2 7 6 8 9
9 1 1 3 5 4 9 2 7 6 8 0
0 3 0 3 5 4 9 2 7 6 8 1
6 3 7 3 5 4 9 2 0 6 8 1
5 1 7 3 5 4 9 0 2 6 8 1
0 1 0 3 5 4 9 7 2 6 8 1
9 3 1 3 5 4 9 7 2 6 8 0
5 2 1 3 5 4 9 0 2 6 8 7
4 3 1 3 5 4 0 9 2 6 8 7
9 1 1 3 5 4 7 9 2 6 8 0
3 3 1 3 5 0 7 9 2 6 8 4
4 1 1 3 5 7 0 9 2 6 8 4
5 3 1 3 5 7 9 0 2 6 8 4
9 2 1 3 5 7 9 4 2 6 8 0
0 3 0 3 5 7 9 4 2 6 8 1
6 3 2 3 5 7 9 4 0 6 8 1
5 1 2 3 5 7 9 0 4 6 8 1
0 1 0 3 5 7 9 2 4 6 8 1
9 3 1 3 5 7 9 2 4 6 8 0
55 0.04297995567321777