0 0 0 1 0 3 7 5 2 6 4
8 1 7 1 3 0 7 5 2 6 4
8 1 7 1 2 3 7 5 0 6 4
8 2 6 1 3 7 0 5 2 6 4
6 3 3 1 3 7 4 5 2 6 0
8 2 6 1 3 6 7 5 2 0 4
8 2 6 1 2 3 7 5 6 0 4
8 4 4 1 3 7 4 5 2 0 6
8 3 5 1 3 6 7 5 2 4 0
8 3 5 1 2 3 7 5 6 4 0
10 1 9 0 1 3 7 5 2 6 4
8 2 6 5 1 3 7 0 2 6 4
7 4 3 5 1 3 7 4 2 6 0
8 3 5 5 1 3 7 2 0 6 4
8 4 4 5 1 3 7 2 6 0 4
8 5 3 5 1 3 7 2 6 4 0
9 5 4 5 1 3 7 4 2 0 6
10 2 8 1 2 3 7 0 5 6 4
7 4 3 1 2 3 7 4 5 6 0
9 5 4 1 2 3 7 4 5 0 6
9 5 4 1 2 3 0 4 5 6 7
10 5 5 1 3 7 5 0 2 6 4
9 7 2 1 3 7 5 4 2 6 0
10 5 5 1 3 7 6 5 2 0 4
10 3 7 1 3 6 7 5 0 2 4
10 5 5 1 3 7 4 5 0 2 6
10 4 6 1 2 3 0 5 6 4 7
8 7 1 1 2 3 4 5 6 0 7
