0 0 0 1 0 3 7 5 2 6 4
5 1 4 1 3 0 7 5 2 6 4
5 1 4 1 2 3 7 5 0 6 4
5 2 3 1 2 3 7 5 6 0 4
5 3 2 1 2 3 7 5 6 4 0
7 1 6 0 1 3 7 5 2 6 4
7 2 5 1 3 7 0 5 2 6 4
7 2 5 1 3 6 7 5 2 0 4
7 2 5 1 2 3 7 0 5 6 4
7 3 4 1 2 0 7 5 6 3 4
7 4 3 1 2 3 0 5 6 4 7
7 3 4 1 3 7 4 5 2 6 0
7 3 4 1 3 6 7 5 2 4 0
8 2 6 5 1 3 7 0 2 6 4
8 3 5 1 3 6 7 5 0 2 4
8 4 4 1 2 3 7 4 5 6 0
8 4 4 1 2 7 0 5 6 3 4
7 5 2 1 2 7 4 5 6 3 0
8 3 5 5 1 3 7 2 0 6 4
9 5 4 1 2 3 7 0 6 4 5
9 3 6 7 1 3 0 5 2 6 4
8 4 4 7 1 3 4 5 2 6 0
9 4 5 4 1 3 7 5 2 6 0
9 3 6 0 2 3 7 1 5 6 4
9 5 4 1 0 3 7 2 5 6 4
9 4 5 1 0 2 7 5 6 3 4
9 5 4 1 2 0 3 5 6 4 7
9 7 2 1 2 3 4 5 6 0 7
