0 0 0 1 3 5 4 2 6 7 0
5 0 5 1 3 5 4 2 6 0 7
6 0 6 1 3 5 4 2 0 6 7
7 0 7 1 3 5 0 2 6 7 4
2 0 2 1 3 5 7 2 6 0 4
1 0 1 1 3 5 7 2 6 4 0
3 0 3 1 3 5 7 2 0 6 4
4 0 4 1 3 5 7 0 2 6 4
1 0 1 1 3 5 7 4 2 6 0
2 0 2 1 3 5 7 4 2 0 6
3 0 3 1 3 5 7 4 0 2 6
4 0 4 1 3 5 7 0 4 2 6
3 0 3 1 3 5 7 6 4 2 0
4 0 4 1 3 5 7 6 4 0 2
5 0 5 1 3 5 0 7 2 6 4
2 0 2 1 3 5 4 7 2 6 0
3 0 3 1 3 5 4 7 2 0 6
4 0 4 1 3 5 6 7 2 0 4
3 0 3 1 3 5 6 7 2 4 0
4 0 4 1 3 5 4 7 0 2 6
4 0 4 1 3 5 0 7 2 4 6
3 0 3 1 3 5 7 0 2 4 6
2 0 2 1 3 5 7 2 0 4 6
1 0 1 1 3 5 7 2 4 0 6
