0 0 0 1 4 5 2 7 6 3 0
9 1 8 1 4 5 2 7 6 0 3
10 2 8 1 4 5 2 0 6 3 7
10 3 7 1 4 5 2 6 0 3 7
10 4 6 1 4 5 2 6 3 0 7
10 5 5 1 4 5 2 6 3 7 0
11 2 9 1 4 5 2 7 0 6 3
13 1 12 1 4 5 0 7 6 3 2
11 4 7 1 4 5 3 7 6 0 2
11 5 6 1 4 5 3 7 6 2 0
13 3 10 1 4 5 2 0 7 6 3
10 5 5 1 4 5 2 3 7 6 0
12 6 6 1 4 5 2 3 7 0 6
13 5 8 1 4 5 3 7 0 6 2
14 5 9 1 4 5 0 2 6 3 7
14 5 9 1 4 0 2 6 3 5 7
14 7 7 1 4 5 2 3 0 7 6
14 6 8 1 4 5 7 2 6 3 0
14 8 6 1 4 5 3 2 6 0 7
14 6 8 1 4 2 0 6 3 5 7
14 9 5 1 4 5 3 2 6 7 0
14 7 7 1 4 2 7 6 3 5 0
14 9 5 1 4 2 5 6 3 0 7
14 10 4 1 4 2 5 6 3 7 0
15 3 12 1 4 0 2 7 6 3 5
11 4 7 1 4 3 2 7 6 0 5
11 5 6 1 4 3 2 7 6 5 0
13 5 8 1 4 3 2 7 0 6 5
14 7 7 1 4 3 2 0 6 5 7
14 8 6 1 4 3 2 6 0 5 7
14 9 5 1 4 3 2 6 5 0 7
14 10 4 1 4 3 2 6 5 7 0
15 2 13 1 4 0 2 7 6 5 3
15 7 8 1 4 5 2 0 3 7 6
15 3 12 1 0 5 2 7 4 6 3
15 2 13 1 4 0 5 7 6 3 2
9 3 6 1 4 3 5 7 6 0 2
9 4 5 1 4 3 5 7 6 2 0
11 4 7 1 4 3 5 7 0 6 2
13 5 8 1 4 3 5 0 7 6 2
12 7 5 1 4 3 5 2 7 6 0
13 5 8 1 0 3 5 7 4 6 2
13 6 7 1 3 0 5 7 4 6 2
13 7 6 1 3 5 0 7 4 6 2
9 8 1 1 3 5 2 7 4 6 0
11 9 2 1 3 5 2 7 4 0 6
13 7 6 1 3 6 5 7 4 0 2
13 10 3 1 3 5 2 7 0 4 6
13 8 5 1 3 6 5 7 4 2 0
14 6 8 1 4 3 5 0 6 2 7
14 8 6 1 4 3 5 2 7 0 6
14 7 7 1 4 3 5 6 0 2 7
14 8 6 1 4 3 5 6 2 0 7
14 9 5 1 4 3 5 6 2 7 0
15 4 11 1 4 5 7 0 6 3 2
15 6 9 1 4 5 3 0 7 6 2
14 8 6 1 4 5 3 2 7 6 0
15 6 9 1 0 5 3 7 4 6 2
15 4 11 1 4 2 0 7 6 3 5
11 5 6 1 4 2 5 7 6 3 0
13 6 7 1 4 2 5 7 6 0 3
14 7 7 1 4 2 5 0 6 3 7
14 8 6 1 4 2 5 6 0 3 7
15 6 9 1 4 3 2 0 7 6 5
12 8 4 1 4 3 2 5 7 6 0
14 9 5 1 4 3 2 5 7 0 6
15 3 12 1 4 2 0 7 6 5 3
9 4 5 1 4 2 3 7 6 5 0
11 5 6 1 4 2 3 7 6 0 5
12 6 6 1 4 2 3 0 6 5 7
12 7 5 1 4 2 3 6 0 5 7
12 8 4 1 4 2 3 6 5 0 7
12 9 3 1 4 2 3 6 5 7 0
13 6 7 1 4 2 3 7 0 6 5
15 4 11 1 5 0 2 7 4 6 3
15 6 9 0 1 3 5 7 4 6 2
13 9 4 2 1 3 5 7 4 6 0
15 10 5 1 3 5 7 0 4 6 2
