0 0 0 6 1 0 3 2 7 4 5
10 0 10 6 1 4 3 2 7 0 5
9 0 9 6 1 4 3 2 7 5 0
11 0 11 6 1 4 3 2 0 7 5
12 0 12 6 1 3 0 2 7 4 5
7 0 7 6 1 3 5 2 7 4 0
8 0 8 6 1 3 5 2 7 0 4
8 0 8 0 1 3 5 2 7 4 6
5 0 5 7 1 3 5 2 0 4 6
4 0 4 7 1 3 5 2 4 0 6
3 0 3 7 1 3 5 2 4 6 0
6 0 6 7 1 3 5 0 2 4 6
5 0 5 7 1 3 5 6 2 4 0
6 0 6 7 1 3 5 6 2 0 4
7 0 7 1 0 3 5 2 7 4 6
4 0 4 1 7 3 5 2 0 4 6
3 0 3 1 7 3 5 2 4 0 6
2 0 2 1 7 3 5 2 4 6 0
5 0 5 1 7 3 5 0 2 4 6
4 0 4 1 7 3 5 6 2 4 0
5 0 5 1 7 3 5 6 2 0 4
6 0 6 1 3 0 5 2 7 4 6
5 0 5 1 3 5 0 2 7 4 6
4 0 4 1 3 5 6 2 7 4 0
4 0 4 1 3 5 2 0 7 4 6
3 0 3 1 3 5 2 7 0 4 6
2 0 2 1 3 5 2 7 4 0 6
1 0 1 1 3 5 2 7 4 6 0
3 0 3 1 3 5 2 6 7 4 0
4 0 4 1 3 5 4 2 7 0 6
3 0 3 1 3 5 4 2 7 6 0
4 0 4 1 3 5 2 6 7 0 4
5 0 5 1 3 4 5 2 7 0 6
4 0 4 1 3 4 5 2 7 6 0
5 0 5 1 3 5 6 2 7 0 4
5 0 5 1 3 5 4 2 0 7 6
5 0 5 1 3 5 2 6 0 7 4
6 0 6 1 0 3 5 7 2 4 6
5 0 5 1 3 0 5 7 2 4 6
4 0 4 1 3 5 0 7 2 4 6
3 0 3 1 3 5 6 7 2 4 0
3 0 3 1 3 5 7 0 2 4 6
2 0 2 1 3 5 7 2 0 4 6
1 0 1 1 3 5 7 2 4 0 6
