0 0 0 4 1 2 7 5 6 0 3
6 1 5 4 1 2 7 5 6 3 0
7 1 6 4 1 2 7 5 0 6 3
7 1 6 4 1 0 7 5 6 2 3
8 2 6 4 1 2 0 5 6 3 7
8 2 6 4 1 2 7 0 5 6 3
8 2 6 4 0 2 7 5 1 6 3
8 2 6 4 0 1 7 5 6 2 3
8 2 6 4 1 7 0 5 6 2 3
8 3 5 4 1 7 3 5 6 2 0
9 3 6 4 1 0 2 5 6 3 7
9 4 5 0 1 2 4 5 6 3 7
9 3 6 0 1 2 7 4 5 6 3
9 4 5 4 1 2 7 3 5 6 0
9 3 6 0 4 2 7 5 1 6 3
9 3 6 4 2 0 7 5 1 6 3
9 3 6 0 4 1 7 5 6 2 3
9 4 5 0 1 7 4 5 6 2 3
9 4 5 4 1 3 2 5 6 0 7
8 5 3 4 1 3 2 5 6 7 0
9 5 4 1 0 2 4 5 6 3 7
9 4 5 1 0 2 7 4 5 6 3
9 5 4 1 0 7 4 5 6 2 3
9 6 3 1 2 0 4 5 6 3 7
9 7 2 1 2 3 4 5 6 0 7
