0 0 0 4 1 2 7 5 6 0 3
9 1 8 4 1 2 7 5 6 3 0
11 1 10 4 1 2 7 5 0 6 3
11 2 9 4 1 2 0 5 6 3 7
9 5 4 4 1 2 3 5 6 0 7
9 6 3 4 1 2 3 5 6 7 0
11 6 5 4 1 2 3 5 0 6 7
13 2 11 4 1 2 7 0 5 6 3
10 4 6 4 1 2 7 3 5 6 0
12 5 7 4 1 2 7 3 5 0 6
12 5 7 4 1 2 0 3 5 6 7
13 3 10 4 1 0 2 5 6 3 7
9 4 5 4 1 3 2 5 6 0 7
9 5 4 4 1 3 2 5 6 7 0
11 5 6 4 1 3 2 5 0 6 7
13 5 8 4 1 2 5 0 6 3 7
13 7 6 4 1 2 3 0 5 6 7
13 6 7 4 1 3 2 0 5 6 7
13 6 7 4 1 2 5 6 0 3 7
13 7 6 4 1 2 5 6 3 0 7
13 8 5 4 1 2 5 6 3 7 0
14 3 11 4 1 2 7 0 6 3 5
14 4 10 0 1 2 4 5 6 3 7
14 6 8 4 1 2 7 3 0 5 6
14 6 8 4 1 0 2 3 5 6 7
14 8 6 4 1 2 6 3 5 0 7
14 7 7 4 1 2 5 7 6 3 0
14 9 5 4 1 2 3 7 5 6 0
14 8 6 4 1 3 2 7 5 6 0
14 4 10 4 1 2 7 6 0 3 5
14 5 9 1 0 2 4 5 6 3 7
14 5 9 5 1 2 4 0 6 3 7
14 7 7 4 1 6 2 3 5 0 7
14 9 5 4 1 2 6 3 5 7 0
14 5 9 4 1 2 7 6 3 0 5
14 6 8 1 2 0 4 5 6 3 7
8 7 1 1 2 3 4 5 6 0 7
