0 0 0 7 5 0 2 4 3 6 1
16 1 15 7 5 2 0 4 3 6 1
10 2 8 7 5 2 1 4 3 6 0
12 3 9 7 5 2 1 4 3 0 6
14 4 10 7 5 2 1 4 0 3 6
15 4 11 7 5 2 1 0 3 6 4
15 5 10 7 5 2 1 3 0 6 4
15 6 9 7 5 2 1 3 6 0 4
15 7 8 7 5 2 1 3 6 4 0
16 1 15 7 5 6 2 4 3 0 1
16 4 12 7 5 0 1 4 3 2 6
16 5 11 7 5 2 1 0 4 3 6
16 2 14 7 5 6 2 4 3 1 0
16 5 11 7 5 1 0 4 3 2 6
16 6 10 7 5 1 6 4 3 2 0
16 8 8 7 5 1 2 4 3 0 6
16 9 7 7 5 1 2 4 3 6 0
17 7 10 7 5 2 1 6 4 3 0
18 1 17 7 0 5 2 4 3 6 1
12 2 10 7 3 5 2 4 0 6 1
12 3 9 7 3 5 2 4 6 0 1
12 4 8 7 3 5 2 4 6 1 0
14 3 11 7 3 5 2 0 4 6 1
11 5 6 7 3 5 2 1 4 6 0
13 6 7 7 3 5 2 1 4 0 6
15 7 8 7 3 5 2 1 0 4 6
17 6 11 7 3 5 2 0 6 1 4
17 6 11 7 3 5 0 1 4 6 2
17 8 9 7 3 5 2 0 1 4 6
17 7 10 7 3 5 2 6 0 1 4
17 8 9 7 3 5 2 6 1 0 4
17 9 8 7 3 5 2 6 1 4 0
18 4 14 7 5 2 4 0 3 6 1
15 6 9 7 5 2 4 1 3 6 0
17 7 10 7 5 2 4 1 3 0 6
18 4 14 7 5 2 6 4 3 0 1
18 5 13 0 5 2 1 4 3 6 7
15 7 8 1 5 2 0 4 3 6 7
13 8 5 1 5 2 7 4 3 6 0
15 9 6 1 5 2 7 4 3 0 6
16 6 10 4 5 2 1 0 3 6 7
16 8 8 3 5 2 1 4 0 6 7
16 7 9 4 5 2 1 3 0 6 7
16 9 7 3 5 2 1 4 6 0 7
16 8 8 4 5 2 1 3 6 0 7
16 10 6 3 5 2 1 4 6 7 0
16 9 7 4 5 2 1 3 6 7 0
17 8 9 1 5 0 2 4 3 6 7
17 10 7 1 5 2 4 0 3 6 7
17 10 7 1 5 2 6 4 3 0 7
17 10 7 1 5 2 7 4 0 3 6
17 8 9 4 5 2 1 7 3 6 0
17 9 8 1 5 6 2 4 3 0 7
17 11 6 1 5 2 4 3 0 6 7
17 11 6 1 5 2 6 4 3 7 0
17 10 7 1 5 6 2 4 3 7 0
17 12 5 1 5 2 4 3 6 0 7
17 13 4 1 5 2 4 3 6 7 0
18 5 13 7 5 0 1 4 3 6 2
18 2 16 7 5 6 2 4 0 3 1
18 5 13 7 0 5 1 4 3 2 6
14 6 8 7 3 5 1 4 0 2 6
14 7 7 7 3 5 1 4 2 0 6
14 8 6 7 3 5 1 4 2 6 0
16 7 9 7 3 5 1 0 4 2 6
17 9 8 7 3 5 1 6 4 2 0
18 8 10 7 5 1 4 0 3 2 6
18 7 11 7 5 1 6 4 3 0 2
18 9 9 7 5 1 2 4 0 3 6
18 5 13 7 3 5 0 4 6 1 2
16 8 8 7 3 5 1 4 6 0 2
16 9 7 7 3 5 1 4 6 2 0
18 4 14 0 3 5 2 7 4 6 1
8 7 1 1 3 5 2 7 4 6 0
10 8 2 1 3 5 2 7 4 0 6
12 9 3 1 3 5 2 7 0 4 6
14 8 6 1 3 5 0 7 4 6 2
14 10 4 1 3 5 2 0 7 4 6
15 9 6 1 3 5 2 0 4 6 7
15 12 3 1 3 5 2 6 7 4 0
15 10 5 1 3 5 2 4 0 6 7
15 11 4 1 3 5 2 4 6 0 7
15 12 3 1 3 5 2 4 6 7 0
16 9 7 1 3 0 5 7 4 6 2
16 11 5 1 3 5 7 0 4 6 2
