0 0 0 0 3 4 1 2 6 7 5
8 0 8 2 3 4 1 0 6 7 5
3 0 3 2 3 4 1 5 6 7 0
4 0 4 2 3 4 1 5 6 0 7
5 0 5 2 3 4 1 5 0 6 7
6 0 6 2 3 4 1 0 5 6 7
5 0 5 2 3 4 1 7 5 6 0
6 0 6 2 3 4 1 7 5 0 6
7 0 7 2 3 4 1 6 0 7 5
6 0 6 2 3 4 1 6 7 0 5
5 0 5 2 3 4 1 6 7 5 0
7 0 7 2 3 4 0 1 5 6 7
6 0 6 2 3 4 7 1 5 6 0
6 0 6 2 3 4 6 1 5 0 7
5 0 5 2 3 4 6 1 5 7 0
7 0 7 2 3 4 1 7 0 5 6
7 0 7 2 3 4 7 1 5 0 6
7 0 7 2 3 4 6 1 0 5 7
8 0 8 1 3 4 0 2 6 7 5
3 0 3 1 3 4 5 2 6 7 0
4 0 4 1 3 4 5 2 6 0 7
5 0 5 1 3 4 5 2 0 6 7
6 0 6 1 3 4 5 0 2 6 7
3 0 3 1 3 4 5 7 2 6 0
4 0 4 1 3 4 5 7 2 0 6
5 0 5 1 3 4 5 7 0 2 6
5 0 5 1 3 0 5 7 2 4 6
4 0 4 1 3 5 0 7 2 4 6
3 0 3 1 3 5 6 7 2 4 0
3 0 3 1 3 5 7 0 2 4 6
2 0 2 1 3 5 7 2 0 4 6
1 0 1 1 3 5 7 2 4 0 6
