0 0 0 5 7 2 3 6 0 1 4
8 1 7 5 7 2 3 0 6 1 4
8 2 6 0 7 2 3 5 6 1 4
9 1 8 5 7 2 3 6 1 0 4
9 1 8 5 0 2 3 6 7 1 4
9 3 6 5 7 2 3 4 6 1 0
9 3 6 7 0 2 3 5 6 1 4
9 2 7 5 7 2 3 6 1 4 0
9 2 7 5 2 0 3 6 7 1 4
9 4 5 7 2 0 3 5 6 1 4
9 3 6 5 2 3 0 6 7 1 4
8 4 4 5 2 3 4 6 7 1 0
9 5 4 7 2 3 0 5 6 1 4
8 6 2 7 2 3 4 5 6 1 0
10 4 6 3 7 2 0 5 6 1 4
9 5 4 3 7 2 4 5 6 1 0
10 5 5 4 7 2 3 5 6 1 0
10 2 8 5 7 0 3 6 1 2 4
10 2 8 0 5 2 3 6 7 1 4
10 3 7 5 2 1 3 6 7 0 4
10 5 5 7 2 1 3 5 6 0 4
10 5 5 5 2 3 4 6 7 0 1
10 7 3 7 2 3 4 5 6 0 1
10 3 7 5 7 3 0 6 1 2 4
9 4 5 5 7 3 4 6 1 2 0
10 4 6 5 2 1 3 6 0 7 4
10 4 6 5 2 1 3 6 7 4 0
10 6 4 7 2 1 3 5 6 4 0
10 6 4 5 2 3 4 6 0 7 1
10 5 5 5 2 1 3 0 6 7 4
10 7 3 5 2 3 4 0 6 7 1
10 6 4 0 2 1 3 5 6 7 4
10 8 2 0 2 3 4 5 6 7 1
11 4 7 5 0 2 3 7 6 1 4
11 4 7 5 7 2 0 3 6 1 4
10 5 5 5 7 2 4 3 6 1 0
11 4 7 5 7 2 3 4 6 0 1
11 4 7 5 7 2 0 4 6 1 3
11 4 7 7 6 2 3 5 0 1 4
11 3 8 5 7 2 0 6 1 4 3
11 5 6 0 2 3 5 6 7 1 4
11 6 5 5 2 3 4 0 7 1 6
11 7 4 0 2 3 7 5 6 1 4
11 5 6 3 7 0 2 5 6 1 4
11 6 5 3 7 2 4 5 6 0 1
11 3 8 5 0 7 3 6 1 2 4
11 3 8 6 5 2 3 0 7 1 4
11 5 6 5 7 3 4 6 1 0 2
11 7 4 5 2 1 3 4 6 7 0
11 9 2 5 2 3 4 1 6 7 0
