0 0 0 6 2 0 1 5 7 4 3
6 0 6 6 2 1 0 5 7 4 3
5 0 5 6 2 1 3 5 7 4 0
5 0 5 6 2 1 4 5 7 0 3
4 0 4 6 2 1 4 5 0 7 3
4 0 4 6 2 1 4 5 7 3 0
5 0 5 6 2 0 4 5 7 1 3
5 0 5 6 2 1 4 0 5 7 3
4 0 4 6 2 1 4 3 5 7 0
5 0 5 6 0 1 4 5 2 7 3
5 0 5 0 2 1 4 5 7 3 6
5 0 5 6 2 0 4 5 7 3 1
4 0 4 6 2 3 4 5 7 0 1
3 0 3 6 2 3 4 5 0 7 1
3 0 3 6 2 3 4 5 7 1 0
4 0 4 6 2 3 4 0 5 7 1
3 0 3 6 2 3 4 1 5 7 0
4 0 4 6 0 3 4 5 2 7 1
4 0 4 0 2 3 4 5 7 1 6
4 0 4 0 2 3 4 6 5 7 1
2 0 2 1 2 3 4 6 5 7 0
3 0 3 1 2 3 4 0 5 7 6
2 0 2 1 2 3 4 5 0 7 6
3 0 3 1 2 3 4 5 7 0 6
2 0 2 1 2 3 4 5 7 6 0
3 0 3 1 0 3 4 5 2 7 6
4 0 4 0 2 3 4 1 5 7 6
4 0 4 0 6 3 4 5 2 7 1
2 0 2 1 6 3 4 5 2 7 0
4 0 4 7 2 3 4 5 0 1 6
4 0 4 5 2 3 4 6 0 7 1
3 0 3 5 2 3 4 0 6 7 1
2 0 2 0 2 3 4 5 6 7 1
