0 0 0 4 2 5 3 6 0 7 1
11 1 10 4 2 5 3 6 7 0 1
11 2 9 4 2 5 3 6 7 1 0
13 1 12 4 2 5 3 0 6 7 1
10 3 7 4 2 5 3 1 6 7 0
12 4 8 4 2 5 3 1 6 0 7
14 5 9 4 2 5 3 1 0 6 7
16 4 12 4 2 5 3 0 7 1 6
16 4 12 4 2 5 0 1 6 7 3
16 5 11 4 2 0 3 1 6 5 7
16 6 10 4 2 5 3 0 1 6 7
16 5 11 4 2 5 3 7 0 1 6
16 6 10 4 2 3 0 1 6 5 7
16 6 10 4 2 5 3 7 1 0 6
16 7 9 4 2 3 7 1 6 5 0
16 9 7 4 2 3 5 1 6 0 7
16 7 9 4 2 5 3 7 1 6 0
16 10 6 4 2 3 5 1 6 7 0
17 2 15 4 2 0 3 6 7 5 1
17 3 14 4 2 5 0 6 7 1 3
15 6 9 4 2 5 1 6 7 0 3
15 7 8 4 2 5 1 6 7 3 0
17 2 15 0 2 5 3 4 6 7 1
7 5 2 1 2 5 3 4 6 7 0
9 6 3 1 2 5 3 4 6 0 7
11 7 4 1 2 5 3 4 0 6 7
13 7 6 1 2 0 3 4 6 5 7
13 8 5 1 2 5 3 0 4 6 7
13 8 5 1 2 3 0 4 6 5 7
13 9 4 1 2 3 7 4 6 5 0
13 11 2 1 2 3 5 4 6 0 7
14 7 7 1 2 5 3 0 6 7 4
14 10 4 1 2 5 3 7 4 6 0
14 8 6 1 2 5 3 6 0 7 4
14 9 5 1 2 5 3 6 7 0 4
14 10 4 1 2 5 3 6 7 4 0
15 6 9 1 2 5 0 4 6 7 3
15 8 7 1 2 0 3 4 6 7 5
15 8 7 1 0 2 3 4 6 5 7
15 11 4 1 2 3 4 0 6 5 7
15 10 5 1 2 3 7 4 6 0 5
15 12 3 1 2 3 5 4 0 6 7
15 9 6 1 2 3 0 4 6 7 5
11 10 1 1 2 3 5 4 6 7 0
15 9 6 1 2 7 3 4 6 0 5
15 9 6 1 6 2 3 4 0 5 7
15 12 3 1 2 3 4 6 0 5 7
15 10 5 1 2 7 3 4 6 5 0
15 10 5 1 6 2 3 4 5 0 7
15 13 2 1 2 3 4 6 5 0 7
15 11 4 1 6 2 3 4 5 7 0
15 14 1 1 2 3 4 6 5 7 0
16 4 12 3 2 5 0 4 6 7 1
10 5 5 3 2 5 1 4 6 7 0
12 6 6 3 2 5 1 4 6 0 7
14 7 7 3 2 5 1 4 0 6 7
16 11 5 1 2 5 3 7 4 0 6
16 13 3 1 2 3 4 7 6 5 0
16 7 9 3 2 5 7 4 6 0 1
16 7 9 3 2 0 1 4 6 5 7
16 8 8 3 2 5 1 0 4 6 7
15 10 5 3 2 5 1 7 4 6 0
16 8 8 3 2 5 7 4 6 1 0
16 8 8 3 2 1 0 4 6 5 7
16 9 7 3 2 1 7 4 6 5 0
16 11 5 3 2 1 5 4 6 0 7
16 12 4 3 2 1 5 4 6 7 0
17 4 13 4 2 5 0 3 6 7 1
11 5 6 4 2 5 1 3 6 7 0
13 6 7 4 2 5 1 3 6 0 7
15 7 8 4 2 5 1 3 0 6 7
17 3 14 4 2 3 0 6 7 5 1
11 4 7 4 2 3 1 6 7 5 0
13 5 8 4 2 3 1 6 7 0 5
15 6 9 4 2 3 5 6 7 0 1
15 6 9 4 2 3 1 6 0 7 5
15 7 8 4 2 3 5 6 7 1 0
16 6 10 4 2 3 1 0 7 5 6
16 7 9 4 2 3 1 7 0 5 6
16 8 8 4 2 3 1 7 5 0 6
16 9 7 4 2 3 1 7 5 6 0
17 7 10 4 2 5 1 6 0 7 3
17 3 14 2 0 5 3 4 6 7 1
17 11 6 1 2 5 0 3 4 6 7
17 7 10 1 2 0 5 4 6 7 3
17 9 8 1 2 5 4 0 6 7 3
14 11 3 1 2 5 4 3 6 7 0
16 12 4 1 2 5 4 3 6 0 7
17 9 8 1 2 5 7 4 6 0 3
17 9 8 1 0 2 3 4 6 7 5
17 9 8 0 1 2 3 4 6 5 7
17 11 6 1 2 3 7 4 0 6 5
17 13 4 1 2 3 5 0 4 6 7
17 12 5 1 2 3 4 0 6 7 5
