0 0 0 4 2 5 1 3 0 6 7
7 1 6 4 2 5 1 0 3 6 7
7 1 6 4 2 5 1 3 6 0 7
6 2 4 4 2 5 1 3 6 7 0
7 1 6 4 0 5 1 3 2 6 7
8 2 6 0 2 5 1 4 3 6 7
8 3 5 4 2 5 1 7 3 6 0
8 2 6 4 2 0 1 3 6 5 7
8 3 5 4 2 5 0 3 6 7 1
8 2 6 0 4 5 1 3 2 6 7
9 4 5 4 0 5 1 2 3 6 7
9 4 5 4 2 5 1 0 6 7 3
9 2 7 4 5 0 1 3 2 6 7
9 3 6 2 0 5 1 4 3 6 7
9 4 5 1 2 5 0 4 3 6 7
8 5 3 1 2 5 7 4 3 6 0
9 3 6 4 2 1 0 3 6 5 7
9 4 5 4 2 0 5 3 6 7 1
9 5 4 0 2 5 4 3 6 7 1
9 3 6 3 4 5 1 0 2 6 7
9 4 5 1 4 5 0 3 2 6 7
8 5 3 1 4 5 7 3 2 6 0
9 5 4 4 3 5 1 2 0 6 7
9 4 5 2 3 5 1 4 0 6 7
9 4 5 4 2 1 7 3 6 5 0
9 4 5 3 4 5 1 2 0 6 7
9 5 4 2 3 5 1 0 4 6 7
9 5 4 3 0 5 1 2 4 6 7
9 6 3 0 3 5 1 2 4 6 7
10 4 6 4 2 5 0 1 3 6 7
9 5 4 4 2 5 7 1 3 6 0
10 5 5 0 2 5 1 3 6 7 4
10 5 5 4 2 0 1 3 6 7 5
10 5 5 7 2 5 1 4 3 6 0
10 4 6 4 2 5 0 7 3 6 1
10 3 7 4 0 2 1 3 6 5 7
10 5 5 7 4 5 1 3 2 6 0
10 5 5 0 4 5 1 2 3 6 7
10 5 5 0 2 5 1 4 6 7 3
10 3 7 4 5 1 0 3 2 6 7
9 4 5 4 5 1 7 3 2 6 0
10 5 5 0 2 1 4 3 6 5 7
10 6 4 3 2 5 4 0 6 7 1
10 8 2 1 2 5 4 3 6 7 0
10 5 5 3 4 5 1 7 2 6 0
10 7 3 2 3 5 1 7 4 6 0
10 8 2 1 3 5 0 2 4 6 7
