0 0 0 6 2 0 3 5 1 7 4
15 1 14 6 2 3 0 5 1 7 4
11 2 9 6 2 3 4 5 1 7 0
13 3 10 6 2 3 4 5 1 0 7
15 1 14 6 2 7 3 5 1 0 4
15 4 11 6 2 3 4 5 0 1 7
15 2 13 6 2 7 3 5 1 4 0
16 4 12 6 2 3 4 0 1 7 5
16 5 11 6 2 3 4 1 0 7 5
16 6 10 6 2 3 4 1 7 0 5
16 7 9 6 2 3 4 1 7 5 0
17 1 16 6 0 2 3 5 1 7 4
11 2 9 6 1 2 3 5 0 7 4
11 3 8 6 1 2 3 5 7 0 4
11 4 7 6 1 2 3 5 7 4 0
13 3 10 6 1 2 3 0 5 7 4
10 5 5 6 1 2 3 4 5 7 0
12 6 6 6 1 2 3 4 5 0 7
14 7 7 6 1 2 3 4 0 5 7
15 4 11 6 1 0 3 5 7 2 4
15 4 11 0 1 2 3 6 5 7 4
11 7 4 4 1 2 3 6 5 7 0
13 8 5 4 1 2 3 6 5 0 7
15 5 10 6 1 3 0 5 7 2 4
15 5 10 1 0 2 3 6 5 7 4
13 6 7 1 5 2 3 6 0 7 4
13 7 6 1 5 2 3 6 7 0 4
13 8 5 1 5 2 3 6 7 4 0
15 7 8 5 1 2 3 6 0 7 4
15 9 6 4 1 2 3 6 0 5 7
15 6 9 6 1 3 4 5 7 2 0
15 6 9 1 2 0 3 6 5 7 4
15 7 8 1 5 2 3 0 6 7 4
12 9 3 1 5 2 3 4 6 7 0
14 10 4 1 5 2 3 4 6 0 7
15 8 7 5 1 2 3 6 7 0 4
15 7 8 1 2 3 0 6 5 7 4
9 8 1 1 2 3 4 6 5 7 0
11 9 2 1 2 3 4 6 5 0 7
13 10 3 1 2 3 4 6 0 5 7
15 7 8 1 2 7 3 6 5 0 4
15 9 6 5 1 2 3 6 7 4 0
15 11 4 1 2 3 4 0 6 5 7
15 8 7 1 2 7 3 6 5 4 0
16 6 10 6 1 2 3 0 7 4 5
16 8 8 0 1 2 3 4 5 7 6
16 8 8 6 1 2 3 0 4 5 7
16 6 10 3 1 2 0 6 5 7 4
10 7 3 3 1 2 4 6 5 7 0
12 8 4 3 1 2 4 6 5 0 7
14 9 5 3 1 2 4 6 0 5 7
15 9 6 3 1 2 4 0 5 7 6
15 10 5 3 1 2 4 5 0 7 6
15 11 4 3 1 2 4 5 7 0 6
15 12 3 3 1 2 4 5 7 6 0
16 9 7 4 1 2 3 0 5 7 6
16 10 6 1 5 2 3 0 7 4 6
16 11 5 1 5 2 3 4 0 6 7
16 13 3 1 2 3 4 7 6 5 0
16 7 9 6 1 2 3 7 0 4 5
16 9 7 1 0 2 3 4 5 7 6
16 9 7 3 1 2 7 6 5 0 4
16 10 6 3 1 2 4 0 6 5 7
16 10 6 4 1 2 3 5 0 7 6
16 11 5 1 5 2 3 7 0 4 6
16 8 8 6 1 2 3 7 4 0 5
16 10 6 1 2 0 3 4 5 7 6
16 10 6 1 5 2 3 4 0 7 6
16 10 6 3 1 2 7 6 5 4 0
16 11 5 4 1 2 3 5 7 0 6
16 12 4 1 5 2 3 7 4 0 6
16 9 7 6 1 2 3 7 4 5 0
16 11 5 1 2 7 3 4 5 0 6
16 11 5 1 5 2 3 4 7 0 6
16 12 4 4 1 2 3 5 7 6 0
16 13 3 1 5 2 3 7 4 6 0
16 12 4 1 2 7 3 4 5 6 0
16 12 4 1 5 2 3 4 7 6 0
17 4 13 6 2 3 5 0 1 7 4
16 6 10 6 2 3 5 4 1 7 0
17 4 13 6 2 3 7 5 1 0 4
17 5 12 0 2 3 4 5 1 7 6
11 8 3 1 2 3 4 5 0 7 6
11 9 2 1 2 3 4 5 7 0 6
11 10 1 1 2 3 4 5 7 6 0
13 9 4 1 2 3 4 0 5 7 6
17 2 15 6 2 7 3 5 0 1 4
17 5 12 6 2 3 4 0 5 1 7
17 7 10 0 1 2 3 5 7 4 6
15 8 7 5 1 2 3 0 7 4 6
15 9 6 5 1 2 3 7 0 4 6
15 10 5 5 1 2 3 7 4 0 6
15 11 4 5 1 2 3 7 4 6 0
16 9 7 3 1 2 0 5 7 4 6
16 10 6 3 1 2 6 5 7 4 0
17 6 11 6 1 2 0 3 5 7 4
13 7 6 6 1 2 4 3 5 7 0
15 8 7 6 1 2 4 3 5 0 7
17 5 12 6 0 1 3 5 7 2 4
17 8 9 6 1 3 5 0 7 2 4
17 8 9 6 1 3 2 5 7 0 4
17 8 9 1 5 0 3 6 7 2 4
17 8 9 5 1 2 3 0 6 7 4
14 10 4 5 1 2 3 4 6 7 0
16 11 5 5 1 2 3 4 6 0 7
17 10 7 4 1 2 3 0 6 5 7
17 7 10 6 1 3 4 5 7 0 2
17 10 7 1 2 3 7 6 5 0 4
17 8 9 1 2 7 3 6 0 5 4
17 10 7 3 1 2 0 4 5 7 6
15 11 4 3 1 2 6 4 5 7 0
17 12 5 3 1 2 4 7 6 5 0
17 5 12 6 2 3 5 1 0 7 4
17 5 12 6 2 3 7 5 1 4 0
17 6 11 2 0 3 4 5 1 7 6
11 7 4 2 1 3 4 5 0 7 6
11 8 3 2 1 3 4 5 7 0 6
11 9 2 2 1 3 4 5 7 6 0
13 8 5 2 1 3 4 0 5 7 6
12 10 2 2 1 3 4 6 5 7 0
14 11 3 2 1 3 4 6 5 0 7
16 12 4 2 1 3 4 6 0 5 7
17 6 11 5 2 3 4 0 1 7 6
16 8 8 5 2 3 4 6 1 7 0
17 8 9 1 0 2 3 5 7 4 6
15 9 6 1 7 2 3 5 0 4 6
15 10 5 1 7 2 3 5 4 0 6
15 11 4 1 7 2 3 5 4 6 0
17 10 7 7 1 2 3 5 0 4 6
17 9 8 6 1 2 4 3 0 5 7
17 6 11 6 7 1 3 5 0 2 4
17 9 8 6 1 3 5 7 0 2 4
17 9 8 6 1 3 2 5 7 4 0
17 9 8 1 5 3 0 6 7 2 4
15 10 5 1 5 3 4 6 7 2 0
17 11 6 1 2 3 7 6 5 4 0
17 12 5 3 1 2 6 4 5 0 7
17 6 11 6 2 3 5 1 7 0 4
17 7 10 2 3 0 4 5 1 7 6
17 11 6 2 1 3 0 4 5 7 6
15 12 3 2 1 3 6 4 5 7 0
17 7 10 5 2 3 4 1 0 7 6
17 9 8 1 2 0 3 5 7 4 6
13 10 3 1 2 4 3 5 7 0 6
13 11 2 1 2 4 3 5 7 6 0
15 11 4 1 2 4 3 5 0 7 6
17 10 7 1 7 2 3 0 5 4 6
17 11 6 7 1 2 3 5 4 0 6
17 7 10 6 7 1 3 5 2 0 4
17 10 7 6 1 3 5 7 2 0 4
17 12 5 1 5 3 2 6 7 0 4
17 11 6 1 5 3 4 6 7 0 2
17 7 10 6 2 3 5 1 7 4 0
17 8 9 2 3 4 0 5 1 7 6
15 9 6 2 3 4 6 5 1 7 0
17 8 9 2 3 7 4 5 1 0 6
17 13 4 2 1 3 6 4 5 0 7
17 8 9 5 2 3 4 1 7 0 6
17 12 5 1 2 4 3 0 5 7 6
16 14 2 1 2 4 3 6 5 7 0
17 12 5 7 1 2 3 5 4 6 0
17 8 9 6 7 1 3 5 2 4 0
17 11 6 6 1 3 5 7 2 4 0
17 13 4 1 5 3 2 6 7 4 0
17 10 7 2 3 4 6 5 1 0 7
17 9 8 2 3 7 4 5 1 6 0
17 9 8 5 2 3 4 1 7 6 0
18 3 15 0 2 3 6 5 1 7 4
12 6 6 1 2 3 6 5 0 7 4
12 7 5 1 2 3 6 5 7 0 4
12 8 4 1 2 3 6 5 7 4 0
14 6 8 4 2 3 6 5 1 7 0
14 7 7 1 2 3 6 0 5 7 4
11 9 2 1 2 3 6 4 5 7 0
13 10 3 1 2 3 6 4 5 0 7
15 10 5 1 2 3 0 4 5 7 6
15 11 4 1 2 3 6 4 0 5 7
16 4 12 5 2 3 6 0 1 7 4
15 6 9 5 2 3 6 4 1 7 0
16 9 7 1 2 3 0 5 7 4 6
16 7 9 4 2 3 6 5 1 0 7
16 5 11 5 2 3 6 1 0 7 4
16 6 10 5 2 3 6 1 7 0 4
16 7 9 5 2 3 6 1 7 4 0
17 10 7 1 2 3 6 0 7 4 5
17 13 4 1 2 3 7 4 5 0 6
17 12 5 1 2 3 6 0 4 5 7
17 7 10 5 2 3 6 4 1 0 7
17 11 6 1 2 3 6 7 0 4 5
17 14 3 1 2 3 7 4 5 6 0
17 12 5 1 2 3 6 7 4 0 5
17 13 4 1 2 3 6 7 4 5 0
18 4 14 6 2 7 3 0 1 4 5
18 5 13 0 2 3 4 6 1 7 5
12 8 4 1 2 3 4 6 0 7 5
12 9 3 1 2 3 4 6 7 0 5
12 10 2 1 2 3 4 6 7 5 0
14 9 5 1 2 3 4 0 6 7 5
