0 0 0 6 2 0 3 5 1 7 4
14 0 14 6 2 3 0 5 1 7 4
9 0 9 6 2 3 4 5 1 7 0
10 0 10 6 2 3 4 5 1 0 7
11 0 11 6 2 3 4 5 0 1 7
12 0 12 6 2 3 4 0 1 7 5
11 0 11 6 2 3 4 1 0 7 5
10 0 10 6 2 3 4 1 7 0 5
9 0 9 6 2 3 4 1 7 5 0
12 0 12 0 2 3 4 5 1 7 6
3 0 3 1 2 3 4 5 0 7 6
2 0 2 1 2 3 4 5 7 0 6
1 0 1 1 2 3 4 5 7 6 0
4 0 4 1 2 3 4 0 5 7 6
1 0 1 1 2 3 4 6 5 7 0
2 0 2 1 2 3 4 6 5 0 7
3 0 3 1 2 3 4 6 0 5 7
4 0 4 1 2 3 4 0 6 5 7
3 0 3 1 2 3 4 7 6 5 0
4 0 4 1 2 3 4 7 6 0 5
5 0 5 1 2 3 0 4 5 7 6
2 0 2 1 2 3 6 4 5 7 0
3 0 3 1 2 3 6 4 5 0 7
4 0 4 1 2 3 7 4 5 0 6
3 0 3 1 2 3 7 4 5 6 0
4 0 4 1 2 3 6 4 0 5 7
4 0 4 1 2 3 0 4 5 6 7
3 0 3 1 2 3 4 0 5 6 7
2 0 2 1 2 3 4 5 0 6 7
1 0 1 1 2 3 4 5 6 0 7
