0 0 0 3 4 0 5 1 2 6 7
11 1 10 3 4 5 0 1 2 6 7
9 2 7 3 4 5 7 1 2 6 0
11 1 10 3 4 6 5 1 2 0 7
11 3 8 3 4 5 7 1 2 0 6
11 2 9 3 4 6 5 1 2 7 0
13 1 12 3 0 4 5 1 2 6 7
9 2 7 3 2 4 5 1 0 6 7
9 3 6 3 2 4 5 1 6 0 7
9 4 5 3 2 4 5 1 6 7 0
11 3 8 3 2 4 5 0 1 6 7
12 5 7 3 2 4 5 7 1 6 0
13 4 9 3 4 5 1 0 2 6 7
12 6 6 3 4 5 1 7 2 6 0
13 4 9 3 4 5 6 1 2 0 7
13 2 11 3 4 6 5 1 0 2 7
13 4 9 3 4 5 7 1 0 2 6
13 5 8 3 4 5 1 2 0 6 7
13 5 8 3 4 5 6 1 2 7 0
13 6 7 3 4 5 1 2 6 0 7
13 7 6 3 4 5 1 2 6 7 0
14 6 8 3 2 4 5 7 1 0 6
14 7 7 3 4 5 1 7 2 0 6
15 3 12 3 4 6 0 1 2 7 5
15 2 13 0 3 4 5 1 2 6 7
9 3 6 1 3 4 5 0 2 6 7
8 5 3 1 3 4 5 7 2 6 0
9 4 5 1 3 4 5 2 0 6 7
9 5 4 1 3 4 5 2 6 0 7
9 6 3 1 3 4 5 2 6 7 0
10 6 4 1 3 4 5 7 2 0 6
11 5 6 2 3 4 5 1 0 6 7
11 6 5 2 3 4 5 1 6 0 7
11 7 4 2 3 4 5 1 6 7 0
12 7 5 1 3 4 5 7 0 2 6
12 7 5 1 3 0 5 7 2 4 6
12 8 4 1 3 5 0 7 2 4 6
12 9 3 1 3 5 6 7 2 4 0
13 5 8 7 3 4 5 1 2 6 0
13 6 7 1 3 4 0 5 2 6 7
11 7 4 1 3 4 7 5 2 6 0
13 6 7 2 3 4 5 0 1 6 7
13 8 5 1 3 4 7 5 2 0 6
14 8 6 1 3 0 5 7 2 6 4
14 8 6 1 3 4 5 0 7 2 6
14 8 6 1 0 3 5 7 2 4 6
14 11 3 1 3 5 7 0 2 4 6
14 11 3 1 3 5 4 7 2 0 6
14 10 4 1 3 5 6 7 2 0 4
14 8 6 2 3 4 5 7 1 6 0
14 9 5 1 3 5 0 7 2 6 4
12 10 2 1 3 5 4 7 2 6 0
14 9 5 1 3 6 5 7 2 0 4
14 9 5 1 2 3 5 7 0 4 6
14 12 2 1 3 5 7 2 0 4 6
14 10 4 1 3 6 5 7 2 4 0
14 10 4 1 2 3 5 7 4 0 6
14 13 1 1 3 5 7 2 4 0 6
14 11 3 1 2 3 5 7 4 6 0
