0 0 0 3 4 0 5 1 2 6 7
7 1 6 3 4 5 0 1 2 6 7
6 2 4 3 4 5 7 1 2 6 0
8 1 7 3 0 4 5 1 2 6 7
8 2 6 0 3 4 5 1 2 6 7
8 3 5 1 3 4 5 0 2 6 7
8 4 4 1 3 4 5 2 0 6 7
9 1 8 3 4 6 5 1 2 0 7
8 2 6 3 4 6 5 1 2 7 0
9 3 6 0 4 5 3 1 2 6 7
9 3 6 3 4 5 7 1 2 0 6
9 4 5 3 4 5 7 0 2 6 1
9 2 7 3 2 4 5 1 0 6 7
9 5 4 1 3 4 5 7 2 6 0
9 4 5 1 4 5 3 0 2 6 7
9 5 4 3 4 5 7 2 0 6 1
9 3 6 3 2 4 5 1 6 0 7
8 4 4 3 2 4 5 1 6 7 0
9 5 4 1 4 5 3 2 0 6 7
9 6 3 3 0 5 7 2 4 6 1
9 6 3 1 0 5 3 2 4 6 7
9 7 2 0 3 5 7 2 4 6 1
10 4 6 3 4 5 1 0 2 6 7
10 5 5 0 4 5 7 1 2 6 3
10 4 6 5 3 4 0 1 2 6 7
9 5 4 5 3 4 7 1 2 6 0
10 5 5 7 3 4 5 1 2 6 0
10 5 5 1 3 4 5 2 6 0 7
10 5 5 1 0 4 5 2 3 6 7
10 2 8 3 4 6 5 1 0 2 7
10 3 7 3 4 6 0 1 2 7 5
10 4 6 4 0 5 3 1 2 6 7
10 4 6 3 4 5 7 1 0 2 6
10 5 5 0 4 5 7 3 2 6 1
10 3 7 3 2 4 5 0 1 6 7
10 6 4 1 4 5 3 7 2 6 0
10 4 6 3 2 0 5 1 6 4 7
10 5 5 3 2 4 0 1 6 7 5
