0 0 0 7 3 1 6 2 0 4 5
6 1 5 7 3 1 6 2 4 0 5
6 2 4 7 3 1 6 2 4 5 0
7 2 5 7 3 0 6 2 4 1 5
8 1 7 7 3 1 6 0 2 4 5
8 1 7 7 0 1 6 2 3 4 5
8 3 5 7 3 1 0 2 4 5 6
8 3 5 7 3 6 0 2 4 1 5
8 4 4 7 3 6 5 2 4 1 0
9 3 6 7 0 3 6 2 4 1 5
9 2 7 0 3 1 6 7 2 4 5
9 3 6 7 3 1 6 5 2 4 0
9 2 7 0 7 1 6 2 3 4 5
9 2 7 7 1 0 6 2 3 4 5
9 4 5 7 3 0 1 2 4 5 6
9 5 4 0 3 1 7 2 4 5 6
9 5 4 0 3 6 7 2 4 1 5
9 5 4 7 3 5 1 2 4 0 6
8 6 2 7 3 5 1 2 4 6 0
10 4 6 7 3 1 6 0 4 5 2
10 5 5 0 3 1 6 2 4 5 7
10 5 5 7 3 0 6 2 4 5 1
10 5 5 7 3 6 5 2 4 0 1
10 4 6 0 7 3 6 2 4 1 5
10 3 7 7 1 6 0 2 3 4 5
10 3 7 7 1 4 6 2 3 0 5
10 7 3 7 3 5 0 2 4 6 1
10 6 4 7 3 5 6 2 4 0 1
10 6 4 7 3 0 5 2 4 6 1
10 4 6 7 1 6 5 2 3 4 0
10 4 6 7 1 4 6 2 3 5 0
10 7 3 7 3 5 6 2 4 1 0
11 4 7 7 3 1 0 6 2 4 5
11 6 5 7 3 1 5 2 4 0 6
10 7 3 7 3 1 5 2 4 6 0
11 6 5 7 3 6 1 2 4 0 5
11 4 7 7 4 3 6 2 0 1 5
11 3 8 3 0 1 6 7 2 4 5
11 4 7 6 3 1 0 7 2 4 5
11 5 6 5 3 1 6 7 2 4 0
11 4 7 7 3 1 6 5 2 0 4
11 4 7 7 3 1 0 5 2 4 6
11 3 8 2 7 1 6 0 3 4 5
11 4 7 6 7 1 0 2 3 4 5
11 5 6 5 7 1 6 2 3 4 0
11 5 6 7 0 3 1 2 4 5 6
11 6 5 3 0 1 7 2 4 5 6
11 6 5 2 3 1 7 0 4 5 6
11 8 3 6 3 1 7 2 4 5 0
11 6 5 3 0 6 7 2 4 1 5
11 6 5 2 3 6 7 0 4 1 5
11 8 3 5 3 6 7 2 4 1 0
11 6 5 7 3 5 1 2 0 4 6
11 5 6 0 3 1 6 7 4 5 2
11 6 5 7 3 6 0 2 4 5 1
11 5 6 0 1 6 7 2 3 4 5
11 4 7 7 1 4 6 2 0 3 5
11 9 2 0 3 5 7 2 4 6 1
11 5 6 7 3 1 5 6 2 4 0
11 7 4 7 3 0 1 2 4 6 5
11 7 4 7 3 6 1 2 4 5 0
11 4 7 3 2 1 6 7 0 4 5
11 5 6 6 3 1 5 7 2 4 0
11 5 6 2 7 1 6 5 3 4 0
11 5 6 6 7 1 5 2 3 4 0
11 6 5 1 0 6 7 2 3 4 5
11 7 4 1 3 6 7 2 0 4 5
11 8 3 1 3 6 7 2 4 0 5
11 9 2 1 3 6 7 2 4 5 0
11 9 2 1 3 0 7 2 4 6 5
12 4 8 7 0 1 6 3 2 4 5
12 6 6 7 3 1 2 0 4 5 6
12 6 6 7 3 6 2 0 4 1 5
12 6 6 7 3 6 5 0 4 1 2
12 7 5 0 3 6 5 2 4 1 7
12 7 5 7 3 0 5 2 4 1 6
12 5 7 2 3 1 6 7 0 4 5
12 5 7 3 7 1 6 2 0 4 5
12 8 4 7 3 5 1 0 4 6 2
12 9 3 0 3 5 1 2 4 6 7
12 5 7 7 3 1 6 4 0 5 2
12 6 6 3 0 1 6 2 4 5 7
12 6 6 2 3 1 6 0 4 5 7
12 7 5 6 3 1 0 2 4 5 7
12 6 6 7 0 3 6 2 4 5 1
12 6 6 7 3 6 5 2 0 4 1
12 5 7 2 7 3 6 0 4 1 5
12 6 6 6 7 3 0 2 4 1 5
12 7 5 5 7 3 6 2 4 1 0
12 7 5 7 3 5 6 2 0 4 1
12 7 5 7 0 3 5 2 4 6 1
12 5 7 7 1 6 5 2 3 0 4
12 5 7 7 1 4 0 2 3 5 6
12 8 4 7 3 5 0 2 4 1 6
12 5 7 7 3 0 1 6 2 4 5
12 6 6 0 3 1 7 6 2 4 5
12 8 4 7 3 1 0 2 4 6 5
12 5 7 7 4 3 6 0 2 1 5
12 5 7 7 4 3 6 2 1 0 5
12 4 8 3 1 0 6 7 2 4 5
12 5 7 6 3 0 1 7 2 4 5
12 5 7 7 3 1 6 5 0 2 4
12 5 7 7 3 0 6 5 2 1 4
12 5 7 7 3 0 1 5 2 4 6
12 6 6 0 3 1 7 5 2 4 6
12 4 8 2 7 1 6 3 0 4 5
12 5 7 6 7 0 1 2 3 4 5
12 6 6 0 7 3 1 2 4 5 6
12 7 5 3 1 0 7 2 4 5 6
12 8 4 2 3 1 7 6 4 5 0
12 7 5 3 6 0 7 2 4 1 5
12 8 4 2 3 6 7 5 4 1 0
12 8 4 0 3 6 7 2 4 5 1
12 5 7 7 0 4 6 2 1 3 5
