0 0 0 0 6 2 1 5 7 4 3
12 3 9 3 6 2 1 5 7 4 0
14 4 10 3 6 2 1 5 7 0 4
15 2 13 1 6 2 0 5 7 4 3
9 3 6 1 6 2 3 5 7 4 0
11 4 7 1 6 2 3 5 7 0 4
13 5 8 1 6 2 4 5 7 0 3
13 5 8 1 6 2 3 5 0 7 4
13 6 7 1 6 2 4 5 7 3 0
14 5 9 1 6 2 3 0 7 4 5
14 6 8 1 6 2 3 7 0 4 5
14 7 7 1 6 2 3 7 4 0 5
14 8 6 1 6 2 3 7 4 5 0
15 5 10 1 6 0 3 5 7 2 4
15 6 9 1 6 2 4 5 0 7 3
15 6 9 1 6 2 3 0 5 7 4
12 8 4 1 6 2 3 4 5 7 0
14 9 5 1 6 2 3 4 5 0 7
15 6 9 1 0 2 3 5 6 7 4
15 6 9 1 6 3 0 5 7 2 4
15 7 8 1 2 0 3 5 6 7 4
15 7 8 1 6 3 4 5 7 2 0
15 8 7 1 2 3 0 5 6 7 4
