0 0 0 0 6 2 1 5 7 4 3
8 1 7 6 0 2 1 5 7 4 3
8 2 6 1 6 2 0 5 7 4 3
8 2 6 6 2 0 1 5 7 4 3
8 3 5 1 6 2 3 5 7 4 0
9 1 8 5 6 2 1 0 7 4 3
9 3 6 3 6 2 1 5 7 4 0
9 2 7 6 7 2 1 5 0 4 3
9 3 6 1 6 0 2 5 7 4 3
9 3 6 6 2 1 0 5 7 4 3
9 3 6 6 2 4 1 5 7 0 3
9 4 5 6 2 1 3 5 7 4 0
9 4 5 6 2 4 1 5 0 7 3
9 4 5 6 2 4 1 5 7 3 0
10 3 7 7 6 2 1 5 0 4 3
10 5 5 1 6 2 4 5 7 0 3
10 4 6 1 6 2 3 5 7 0 4
10 2 8 5 6 2 1 7 0 4 3
10 3 7 5 6 2 1 3 7 4 0
10 3 7 6 7 2 1 5 4 0 3
10 4 6 1 0 6 2 5 7 4 3
10 4 6 1 6 4 2 5 7 0 3
10 4 6 7 0 2 1 5 6 4 3
10 6 4 1 6 2 4 5 0 7 3
10 6 4 1 6 2 4 5 7 3 0
10 5 5 1 6 2 3 5 0 7 4
10 3 7 5 6 2 1 7 4 0 3
10 3 7 5 0 2 1 7 6 4 3
10 4 6 6 7 2 1 5 4 3 0
10 5 5 1 6 4 2 5 0 7 3
10 5 5 1 6 4 2 5 7 3 0
10 5 5 7 2 0 1 5 6 4 3
10 7 3 1 0 2 4 5 6 7 3
10 6 4 1 0 2 3 5 6 7 4
10 4 6 5 6 2 1 7 4 3 0
10 4 6 5 2 0 1 7 6 4 3
10 6 4 1 0 4 2 5 6 7 3
10 8 2 1 2 0 4 5 6 7 3
10 7 3 1 2 0 3 5 6 7 4
10 8 2 1 2 3 0 5 6 7 4
