0 0 0 6 0 3 5 1 7 2 4
14 1 13 6 3 0 5 1 7 2 4
14 1 13 6 7 3 5 1 0 2 4
14 2 12 6 3 5 0 1 7 2 4
14 2 12 6 3 2 5 1 7 0 4
14 2 12 6 7 3 5 1 2 0 4
14 3 11 6 3 5 4 1 7 2 0
14 3 11 6 3 2 5 1 7 4 0
14 3 11 6 7 3 5 1 2 4 0
16 1 15 0 6 3 5 1 7 2 4
10 2 8 1 6 3 5 0 7 2 4
10 3 7 1 6 3 5 7 0 2 4
10 4 6 1 6 3 5 7 2 0 4
10 5 5 1 6 3 5 7 2 4 0
11 4 7 1 6 3 5 4 7 2 0
12 4 8 1 0 3 5 7 6 2 4
12 5 7 1 3 0 5 7 6 2 4
10 6 4 1 3 2 5 7 6 0 4
10 7 3 1 3 2 5 7 6 4 0
12 6 6 1 3 5 0 7 6 2 4
10 7 3 1 3 5 4 7 6 2 0
12 7 5 1 3 2 5 7 0 6 4
12 9 3 1 3 5 2 7 6 0 4
12 8 4 1 3 5 4 7 6 0 2
12 10 2 1 3 5 2 7 6 4 0
13 5 8 1 6 3 5 4 7 0 2
14 5 9 1 0 3 5 6 7 2 4
12 6 6 1 7 3 5 6 0 2 4
12 7 5 1 7 3 5 6 2 0 4
12 8 4 1 7 3 5 6 2 4 0
14 5 9 1 6 3 0 5 7 2 4
14 5 9 0 1 3 5 7 6 2 4
14 9 5 1 3 5 7 0 6 2 4
13 11 2 1 3 5 7 4 6 2 0
14 8 6 1 3 2 5 0 7 6 4
13 10 3 1 3 2 5 4 7 6 0
14 10 4 1 3 5 2 7 0 6 4
14 9 5 1 3 5 4 7 0 6 2
14 6 8 1 3 0 5 6 7 2 4
12 7 5 1 3 2 5 6 7 0 4
12 8 4 1 3 2 5 6 7 4 0
14 7 7 1 7 3 5 0 6 2 4
13 9 4 1 7 3 5 4 6 2 0
14 6 8 1 6 3 4 5 7 2 0
14 6 8 7 1 3 5 0 6 2 4
13 8 5 7 1 3 5 4 6 2 0
14 8 6 4 1 3 5 7 6 2 0
14 10 4 1 3 5 7 6 0 2 4
14 7 7 1 3 5 0 6 7 2 4
12 8 4 1 3 5 4 6 7 2 0
14 8 6 1 3 2 5 6 0 7 4
14 7 7 7 1 3 5 6 0 2 4
14 11 3 1 3 5 7 6 2 0 4
14 10 4 1 3 5 2 6 7 0 4
14 9 5 1 3 5 4 6 7 0 2
14 8 6 7 1 3 5 6 2 0 4
14 12 2 1 3 5 7 6 2 4 0
14 11 3 1 3 5 2 6 7 4 0
14 9 5 7 1 3 5 6 2 4 0
15 3 12 5 6 3 0 1 7 2 4
15 9 6 1 3 2 5 0 6 4 7
15 6 9 1 6 3 5 4 0 7 2
15 10 5 1 7 3 5 0 2 4 6
15 7 8 5 1 3 0 7 6 2 4
13 8 5 5 1 3 4 7 6 2 0
15 12 3 1 3 5 7 4 6 0 2
15 11 4 1 3 2 5 4 7 0 6
15 10 5 1 3 2 5 0 7 4 6
15 10 5 1 7 3 5 4 6 0 2
15 9 6 7 1 3 5 4 6 0 2
15 10 5 1 3 5 4 0 7 2 6
15 4 11 5 6 3 4 1 7 2 0
15 10 5 1 3 2 5 6 0 4 7
15 11 4 1 7 3 5 2 0 4 6
15 10 5 5 1 3 2 7 6 0 4
15 9 6 5 1 3 4 7 6 0 2
15 11 4 1 3 2 5 7 0 4 6
15 11 4 1 3 5 4 7 0 2 6
15 11 4 1 3 2 5 6 4 0 7
15 12 3 1 7 3 5 2 4 0 6
15 11 4 5 1 3 2 7 6 4 0
15 12 3 1 3 2 5 7 4 0 6
15 12 3 1 3 5 4 7 2 0 6
15 12 3 1 3 2 5 6 4 7 0
15 13 2 1 7 3 5 2 4 6 0
15 13 2 1 3 2 5 7 4 6 0
15 13 2 1 3 5 4 7 2 6 0
16 2 14 6 7 3 5 0 1 2 4
16 5 11 6 3 5 1 0 7 2 4
16 5 11 6 3 5 2 1 7 0 4
16 3 13 6 3 2 5 1 0 7 4
16 4 12 6 3 5 4 1 7 0 2
16 4 12 7 6 3 5 1 0 2 4
16 4 12 4 6 3 5 1 7 2 0
16 6 10 0 1 3 5 6 7 2 4
16 6 10 1 6 0 3 5 7 2 4
14 7 7 1 6 2 3 5 7 0 4
14 8 6 1 6 2 3 5 7 4 0
16 8 8 1 6 3 2 5 7 0 4
16 8 8 6 1 3 5 7 0 2 4
16 11 5 1 3 5 2 0 7 6 4
16 10 6 1 3 5 4 0 7 6 2
15 12 3 1 3 5 4 2 7 6 0
16 7 9 1 6 3 4 5 7 0 2
16 9 7 4 1 3 5 7 6 0 2
16 9 7 1 3 2 5 0 6 7 4
13 11 2 1 3 2 5 4 6 7 0
15 12 3 1 3 2 5 4 6 0 7
16 11 5 1 3 5 2 6 0 7 4
16 10 6 1 3 5 4 6 0 7 2
16 6 10 6 3 5 1 7 0 2 4
16 6 10 6 3 5 2 1 7 4 0
16 5 11 7 6 3 5 1 2 0 4
16 7 9 6 1 3 5 0 7 2 4
16 9 7 4 1 3 5 6 7 2 0
16 8 8 1 6 2 3 5 0 7 4
16 9 7 1 6 3 2 5 7 4 0
16 9 7 6 1 3 5 7 2 0 4
16 7 9 6 3 5 1 7 2 0 4
16 6 10 7 6 3 5 1 2 4 0
16 10 6 6 1 3 5 7 2 4 0
16 8 8 6 3 5 1 7 2 4 0
17 4 13 0 3 5 6 1 7 2 4
11 5 6 1 3 5 6 0 7 2 4
11 6 5 1 3 5 6 7 0 2 4
11 7 4 1 3 5 6 7 2 0 4
11 8 3 1 3 5 6 7 2 4 0
12 7 5 1 3 5 6 4 7 2 0
13 9 4 1 3 5 0 7 2 4 6
14 8 6 1 3 5 0 4 7 2 6
14 8 6 1 3 5 6 4 7 0 2
14 11 3 1 3 5 2 4 7 0 6
14 12 2 1 3 5 2 4 7 6 0
15 12 3 1 3 5 7 0 2 4 6
15 10 5 1 3 0 5 7 2 4 6
15 13 2 1 3 5 7 2 0 4 6
15 11 4 1 3 4 5 7 2 0 6
15 14 1 1 3 5 7 2 4 0 6
15 12 3 1 3 4 5 7 2 6 0
