0 0 0 1 4 2 3 7 5 6 0
6 1 5 1 4 2 3 7 5 0 6
7 2 5 1 4 2 3 0 5 6 7
7 3 4 1 4 2 3 5 0 6 7
7 4 3 1 4 2 3 5 6 0 7
7 5 2 1 4 2 3 5 6 7 0
8 2 6 1 4 2 3 7 0 5 6
10 3 7 1 4 2 3 0 7 5 6
9 5 4 1 4 2 3 6 7 5 0
11 5 6 1 0 2 3 4 5 6 7
11 5 6 1 4 2 0 3 5 6 7
11 4 7 1 0 2 3 5 4 6 7
11 6 5 1 4 2 3 6 7 0 5
11 6 5 1 2 0 3 4 5 6 7
11 6 5 1 5 2 3 4 0 6 7
11 6 5 1 4 2 7 3 5 6 0
11 5 6 1 2 0 3 5 4 6 7
11 7 4 1 2 3 0 4 5 6 7
11 7 4 1 2 6 3 4 5 0 7
11 7 4 1 5 2 3 4 6 0 7
11 6 5 1 2 3 0 5 4 6 7
11 6 5 1 2 6 3 5 4 0 7
11 8 3 1 2 3 7 4 5 6 0
11 8 3 1 2 6 3 4 5 7 0
11 8 3 1 5 2 3 4 6 7 0
11 7 4 1 2 3 7 5 4 6 0
11 7 4 1 2 6 3 5 4 7 0
12 1 11 1 4 2 0 7 5 6 3
12 2 10 1 4 0 3 7 5 2 6
12 3 9 1 0 2 3 7 4 5 6
12 4 8 1 4 2 6 7 5 0 3
12 3 9 1 4 3 0 7 5 2 6
12 4 8 1 2 0 3 7 4 5 6
10 5 5 1 2 5 3 7 4 0 6
10 6 4 1 2 5 3 7 4 6 0
12 5 7 1 4 2 6 7 5 3 0
12 4 8 1 4 3 6 7 5 2 0
12 6 6 1 4 3 2 7 5 0 6
12 5 7 1 2 3 0 7 4 5 6
10 6 4 1 2 3 6 7 4 5 0
12 6 6 1 2 5 3 7 0 4 6
12 7 5 1 4 3 2 7 5 6 0
12 8 4 1 2 3 5 7 4 0 6
12 7 5 1 2 3 6 7 4 0 5
12 9 3 1 2 3 5 7 4 6 0
13 6 7 0 1 2 3 4 5 6 7
13 6 7 1 4 0 2 3 5 6 7
13 8 5 1 4 2 6 3 5 0 7
13 5 8 0 1 2 3 5 4 6 7
13 7 6 1 4 2 3 6 0 7 5
13 7 6 1 5 2 3 0 4 6 7
12 9 3 1 5 2 3 7 4 6 0
13 7 6 1 4 2 7 3 5 0 6
13 10 3 1 2 3 4 0 5 6 7
13 10 3 1 2 3 6 4 5 0 7
13 8 5 1 2 6 3 4 0 5 7
13 9 4 1 2 3 5 0 4 6 7
13 9 4 1 2 3 6 5 4 0 7
13 7 6 1 2 6 3 5 0 4 7
13 9 4 1 2 3 7 4 5 0 6
13 8 5 1 2 3 7 5 4 0 6
13 8 5 1 2 5 3 0 4 6 7
13 8 5 1 2 3 6 0 4 5 7
13 7 6 4 1 2 3 0 5 6 7
13 7 6 1 4 6 2 3 5 0 7
13 9 4 1 4 2 6 3 5 7 0
13 6 7 5 1 2 3 0 4 6 7
12 8 4 5 1 2 3 7 4 6 0
13 8 5 4 1 2 3 5 0 6 7
13 8 5 7 1 2 3 5 4 6 0
13 11 2 1 2 3 4 5 0 6 7
13 11 2 1 2 3 6 4 5 7 0
13 10 3 1 2 3 5 4 0 6 7
13 10 3 1 2 3 6 5 4 7 0
13 9 4 1 2 5 3 4 0 6 7
13 9 4 1 2 3 6 4 0 5 7
13 8 5 1 4 6 2 3 5 7 0
13 7 6 5 1 2 3 4 0 6 7
13 9 4 4 1 2 3 5 6 0 7
13 12 1 1 2 3 4 5 6 0 7
13 11 2 1 2 3 5 4 6 0 7
13 10 3 1 2 5 3 4 6 0 7
13 8 5 5 1 2 3 4 6 0 7
13 10 3 4 1 2 3 5 6 7 0
