0 0 0 0 5 7 2 4 6 3 1
8 3 5 1 5 7 2 4 6 3 0
10 4 6 1 5 7 2 4 6 0 3
12 5 7 1 5 7 2 4 0 6 3
13 5 8 1 5 7 2 0 6 3 4
13 6 7 1 5 7 2 6 0 3 4
13 7 6 1 5 7 2 6 3 0 4
13 8 5 1 5 7 2 6 3 4 0
14 4 10 1 5 7 0 4 6 3 2
12 7 5 1 5 7 3 4 6 0 2
12 8 4 1 5 7 3 4 6 2 0
14 6 8 1 5 7 2 0 4 6 3
11 8 3 1 5 7 2 3 4 6 0
13 9 4 1 5 7 2 3 4 0 6
14 8 6 1 5 7 3 4 0 6 2
15 10 5 1 5 7 2 3 0 4 6
16 6 10 1 5 0 2 4 6 3 7
12 7 5 1 5 3 2 4 6 0 7
12 8 4 1 5 3 2 4 6 7 0
14 8 6 1 5 3 2 4 0 6 7
16 5 11 1 5 0 2 4 6 7 3
16 10 6 1 5 7 2 0 3 4 6
16 5 11 1 5 0 7 4 6 3 2
10 6 4 1 5 3 7 4 6 0 2
10 7 3 1 5 3 7 4 6 2 0
12 7 5 1 5 3 7 4 0 6 2
14 8 6 1 5 3 7 0 4 6 2
11 10 1 1 5 3 7 2 4 6 0
13 11 2 1 5 3 7 2 4 0 6
15 9 6 1 5 3 7 0 6 2 4
15 12 3 1 5 3 7 2 0 4 6
15 10 5 1 5 3 7 6 0 2 4
15 11 4 1 5 3 7 6 2 0 4
15 12 3 1 5 3 7 6 2 4 0
16 7 9 1 5 7 4 0 6 3 2
15 9 6 1 5 7 4 2 6 3 0
16 9 7 1 5 7 3 0 4 6 2
16 7 9 1 5 2 0 4 6 3 7
14 8 6 1 5 2 7 4 6 3 0
16 9 7 1 5 3 2 0 4 6 7
13 11 2 1 5 3 2 7 4 6 0
15 12 3 1 5 3 2 7 4 0 6
16 9 7 1 0 3 2 4 5 6 7
16 6 10 1 5 2 0 4 6 7 3
10 7 3 1 5 2 3 4 6 7 0
12 8 4 1 5 2 3 4 6 0 7
14 9 5 1 5 2 3 4 0 6 7
16 8 8 1 5 7 4 6 0 3 2
16 9 7 1 5 2 7 4 6 0 3
16 10 6 1 3 0 2 4 5 6 7
16 10 6 1 5 2 3 0 4 6 7
15 12 3 1 5 2 3 7 4 6 0
16 10 6 1 0 2 3 4 5 6 7
16 9 7 1 5 7 4 6 3 0 2
16 11 5 1 3 2 0 4 5 6 7
16 11 5 1 3 6 2 4 5 0 7
16 11 5 1 2 0 3 4 5 6 7
16 10 6 1 5 7 4 6 3 2 0
16 12 4 1 3 2 7 4 5 6 0
16 12 4 1 3 6 2 4 5 7 0
16 12 4 1 2 3 0 4 5 6 7
16 12 4 1 2 6 3 4 5 0 7
16 13 3 1 2 3 7 4 5 6 0
16 13 3 1 2 6 3 4 5 7 0
17 8 9 1 5 7 0 2 6 3 4
15 11 4 1 5 7 3 2 6 0 4
15 12 3 1 5 7 3 2 6 4 0
17 10 7 1 5 7 3 0 6 2 4
17 9 8 1 5 7 0 3 4 6 2
17 10 7 1 5 3 2 0 6 7 4
17 13 4 1 5 3 7 0 2 4 6
17 10 7 1 5 7 4 2 6 0 3
17 13 4 1 5 3 2 7 0 4 6
17 9 8 1 5 2 3 0 6 7 4
17 13 4 1 5 2 3 7 4 0 6
17 12 5 1 5 7 3 2 0 6 4
17 11 6 1 5 7 3 6 0 2 4
17 11 6 1 5 3 2 6 0 7 4
17 10 7 1 5 2 3 6 0 7 4
17 12 5 1 5 7 3 6 2 0 4
17 12 5 1 5 3 2 6 7 0 4
17 11 6 1 5 2 3 6 7 0 4
17 13 4 1 5 7 3 6 2 4 0
17 13 4 1 5 3 2 6 7 4 0
17 12 5 1 5 2 3 6 7 4 0
18 1 17 5 0 7 2 4 6 3 1
18 1 17 4 5 7 2 0 6 3 1
15 3 12 4 5 7 2 1 6 3 0
17 4 13 4 5 7 2 1 6 0 3
18 8 10 1 5 0 3 4 6 7 2
18 9 9 1 5 7 0 2 4 6 3
12 10 2 1 5 7 3 2 4 6 0
14 11 3 1 5 7 3 2 4 0 6
16 12 4 1 5 7 3 2 0 4 6
18 7 11 1 0 5 2 4 6 3 7
18 9 9 1 5 3 0 4 6 7 2
18 6 12 1 0 5 2 4 6 7 3
18 6 12 1 0 5 7 4 6 3 2
18 8 10 1 5 3 0 4 6 2 7
18 8 10 1 0 3 7 4 5 6 2
18 11 7 1 5 3 0 7 4 6 2
18 10 8 1 5 2 4 0 6 3 7
18 10 8 0 1 3 2 4 5 6 7
17 12 5 2 1 3 0 4 5 6 7
17 13 4 2 1 3 7 4 5 6 0
18 9 9 1 5 2 4 0 6 7 3
15 11 4 1 5 2 4 3 6 7 0
17 12 5 1 5 2 4 3 6 0 7
18 10 8 1 5 2 7 4 0 6 3
18 11 7 0 1 2 3 4 5 6 7
18 14 4 1 3 2 4 0 5 6 7
18 14 4 1 3 2 6 4 5 0 7
18 12 6 1 3 6 2 4 0 5 7
18 13 5 1 3 2 7 4 5 0 6
18 15 3 1 2 3 4 0 5 6 7
18 15 3 1 2 3 6 4 5 0 7
18 13 5 1 2 6 3 4 0 5 7
18 14 4 1 2 3 7 4 5 0 6
18 2 16 5 7 0 2 4 6 3 1
12 3 9 5 7 3 2 4 6 0 1
12 4 8 5 7 3 2 4 6 1 0
14 4 10 5 7 3 2 4 0 6 1
16 5 11 5 7 3 2 0 4 6 1
13 7 6 5 7 3 2 1 4 6 0
15 8 7 5 7 3 2 1 4 0 6
17 6 11 5 7 3 2 0 6 1 4
17 9 8 5 7 3 2 1 0 4 6
17 7 10 5 7 3 2 6 0 1 4
17 8 9 5 7 3 2 6 1 0 4
17 9 8 5 7 3 2 6 1 4 0
18 2 16 5 6 7 2 4 0 3 1
18 2 16 4 5 7 2 6 0 3 1
18 13 5 1 5 7 3 0 2 4 6
18 8 10 1 6 5 2 4 0 3 7
18 7 11 1 6 5 2 4 0 7 3
18 7 11 1 6 5 7 4 0 3 2
18 9 9 1 3 0 7 4 5 6 2
18 11 7 1 5 2 4 6 0 3 7
18 11 7 4 1 3 2 0 5 6 7
18 13 5 7 1 3 2 4 5 6 0
18 10 8 1 5 2 4 6 0 7 3
18 12 6 4 1 2 3 0 5 6 7
18 15 3 1 3 2 4 5 0 6 7
18 15 3 1 3 2 6 4 5 7 0
18 16 2 1 2 3 4 5 0 6 7
18 16 2 1 2 3 6 4 5 7 0
18 3 15 5 7 2 0 4 6 3 1
12 4 8 5 7 2 1 4 6 3 0
14 5 9 5 7 2 1 4 6 0 3
16 6 10 5 7 2 3 4 6 0 1
16 6 10 5 7 2 1 4 0 6 3
16 7 9 5 7 2 3 4 6 1 0
17 6 11 5 7 2 1 0 6 3 4
17 7 10 5 7 2 1 6 0 3 4
17 8 9 5 7 2 1 6 3 0 4
17 9 8 5 7 2 1 6 3 4 0
18 5 13 5 7 3 0 4 6 1 2
16 8 8 5 7 3 1 4 6 0 2
16 9 7 5 7 3 1 4 6 2 0
18 3 15 5 6 7 2 4 3 0 1
18 3 15 4 5 7 2 6 3 0 1
18 9 9 1 6 5 2 4 3 0 7
18 8 10 1 6 5 2 4 7 0 3
18 8 10 1 6 5 7 4 3 0 2
18 10 8 1 3 7 0 4 5 6 2
14 11 3 1 3 7 2 4 5 6 0
16 12 4 1 3 7 2 4 5 0 6
18 10 8 1 3 6 7 4 5 0 2
18 12 6 1 5 2 4 6 3 0 7
18 12 6 4 1 3 2 5 0 6 7
18 11 7 1 5 2 4 6 7 0 3
18 13 5 4 1 2 3 5 0 6 7
18 16 2 1 3 2 4 5 6 0 7
18 17 1 1 2 3 4 5 6 0 7
18 7 11 5 7 2 3 4 0 6 1
18 7 11 5 7 2 1 0 4 6 3
15 9 6 5 7 2 1 3 4 6 0
17 10 7 5 7 2 1 3 4 0 6
18 9 9 5 7 3 1 4 0 6 2
18 4 14 5 6 7 2 4 3 1 0
18 4 14 4 5 7 2 6 3 1 0
18 10 8 1 6 5 2 4 3 7 0
18 9 9 1 6 5 2 4 7 3 0
18 9 9 1 6 5 7 4 3 2 0
18 13 5 1 3 7 2 4 0 5 6
18 11 7 1 3 6 7 4 5 2 0
18 13 5 1 5 2 4 6 3 7 0
18 13 5 4 1 3 2 5 6 0 7
18 12 6 1 5 2 4 6 7 3 0
18 14 4 4 1 2 3 5 6 0 7
18 17 1 1 3 2 4 5 6 7 0
