0 0 0 6 1 2 7 0 4 3 5
12 1 11 6 1 2 7 4 0 3 5
12 2 10 6 1 2 7 4 3 0 5
12 3 9 6 1 2 7 4 3 5 0
13 2 11 6 1 2 7 5 4 3 0
14 4 10 6 1 2 0 4 3 5 7
15 3 12 6 1 2 7 5 4 0 3
15 3 12 6 1 2 0 5 4 3 7
13 6 7 6 1 2 3 5 4 0 7
13 7 6 6 1 2 3 5 4 7 0
15 7 8 6 1 2 3 5 0 4 7
16 1 15 0 1 2 7 6 4 3 5
12 4 8 5 1 2 7 6 4 3 0
14 4 10 4 1 2 7 6 0 3 5
14 5 9 5 1 2 7 6 4 0 3
14 5 9 4 1 2 7 6 3 0 5
14 6 8 4 1 2 7 6 3 5 0
15 6 9 5 1 2 7 0 4 3 6
15 7 8 5 1 2 7 4 0 3 6
15 8 7 5 1 2 7 4 3 0 6
15 9 6 5 1 2 7 4 3 6 0
16 3 13 6 1 2 0 7 4 3 5
14 4 10 6 1 2 5 7 4 3 0
14 6 8 6 1 2 3 7 4 0 5
14 7 7 6 1 2 3 7 4 5 0
16 5 11 6 1 0 2 4 3 5 7
16 7 9 6 1 2 4 0 3 5 7
16 7 9 6 1 2 5 4 3 0 7
16 2 14 1 0 2 7 6 4 3 5
12 3 9 1 4 2 7 6 0 3 5
12 4 8 1 4 2 7 6 3 0 5
12 5 7 1 4 2 7 6 3 5 0
14 4 10 1 4 2 7 0 6 3 5
13 6 7 1 4 2 7 5 6 3 0
14 6 8 1 4 2 0 6 3 5 7
14 9 5 1 4 2 5 6 3 0 7
14 10 4 1 4 2 5 6 3 7 0
15 7 8 1 4 2 7 0 3 5 6
15 7 8 1 4 2 7 5 6 0 3
15 7 8 1 4 2 0 5 6 3 7
13 10 3 1 4 2 3 5 6 0 7
13 11 2 1 4 2 3 5 6 7 0
15 8 7 1 4 2 7 3 0 5 6
15 11 4 1 4 2 3 5 0 6 7
15 9 6 1 4 2 7 3 5 0 6
15 10 5 1 4 2 7 3 5 6 0
16 5 11 5 1 2 0 6 4 3 7
14 8 6 5 1 2 3 6 4 0 7
14 9 5 5 1 2 3 6 4 7 0
16 5 11 4 1 2 7 0 6 3 5
15 7 8 4 1 2 7 5 6 3 0
16 6 10 5 1 2 7 6 0 4 3
16 7 9 4 1 2 0 6 3 5 7
16 5 11 6 1 2 5 7 4 0 3
16 7 9 6 1 2 3 7 0 4 5
16 6 10 6 1 5 2 4 3 0 7
16 8 8 6 1 2 4 3 0 5 7
16 8 8 6 1 2 5 4 3 7 0
16 3 13 1 2 0 7 6 4 3 5
10 4 6 1 2 3 7 6 4 0 5
10 5 5 1 2 3 7 6 4 5 0
12 5 7 1 2 3 7 6 0 4 5
12 6 6 1 2 3 0 6 4 5 7
12 9 3 1 2 3 5 6 4 0 7
12 10 2 1 2 3 5 6 4 7 0
13 7 6 1 2 3 7 0 4 5 6
13 8 5 1 2 3 7 4 0 5 6
13 9 4 1 2 3 7 4 5 0 6
13 10 3 1 2 3 7 4 5 6 0
14 6 8 1 2 3 7 0 6 4 5
13 8 5 1 2 3 7 5 6 4 0
14 7 7 1 2 0 3 6 4 5 7
12 8 4 1 2 5 3 6 4 0 7
12 9 3 1 2 5 3 6 4 7 0
14 9 5 1 2 3 6 0 4 5 7
14 10 4 1 2 3 5 6 0 4 7
14 9 5 1 2 5 3 6 0 4 7
14 10 4 1 2 3 6 4 0 5 7
14 11 3 1 2 3 6 4 5 0 7
14 12 2 1 2 3 6 4 5 7 0
15 11 4 1 2 3 0 4 5 6 7
15 9 6 1 2 3 7 5 6 0 4
15 9 6 1 2 3 0 5 6 4 7
13 12 1 1 2 3 4 5 6 0 7
