0 0 0 6 1 2 7 0 4 3 5
11 0 11 6 1 2 7 4 0 3 5
10 0 10 6 1 2 7 4 3 0 5
9 0 9 6 1 2 7 4 3 5 0
10 0 10 6 1 2 0 4 3 5 7
9 0 9 6 1 2 4 0 3 5 7
8 0 8 6 1 2 4 3 0 5 7
7 0 7 6 1 2 4 3 5 0 7
6 0 6 6 1 2 4 3 5 7 0
8 0 8 6 1 2 4 7 3 5 0
9 0 9 6 1 2 5 4 3 0 7
8 0 8 6 1 2 5 4 3 7 0
9 0 9 0 1 2 4 3 5 7 6
6 0 6 3 1 2 4 0 5 7 6
3 0 3 3 1 2 4 6 5 7 0
4 0 4 3 1 2 4 6 5 0 7
5 0 5 3 1 2 4 5 0 7 6
4 0 4 3 1 2 4 5 7 0 6
3 0 3 3 1 2 4 5 7 6 0
5 0 5 3 1 2 4 6 0 5 7
6 0 6 3 1 2 4 0 6 5 7
5 0 5 3 1 2 4 7 6 5 0
6 0 6 3 1 2 4 7 6 0 5
7 0 7 3 1 2 0 4 5 7 6
4 0 4 3 1 2 6 4 5 7 0
5 0 5 3 1 2 6 4 5 0 7
6 0 6 3 1 2 7 4 5 0 6
5 0 5 3 1 2 7 4 5 6 0
6 0 6 3 1 2 6 4 0 5 7
6 0 6 3 1 2 0 4 5 6 7
5 0 5 3 1 2 4 0 5 6 7
4 0 4 3 1 2 4 5 0 6 7
3 0 3 3 1 2 4 5 6 0 7
2 0 2 3 1 2 4 5 6 7 0
4 0 4 3 1 2 4 7 5 6 0
5 0 5 3 1 2 4 7 5 0 6
6 0 6 3 1 2 4 7 0 5 6
7 0 7 3 1 2 0 4 6 5 7
4 0 4 3 1 2 5 4 6 0 7
3 0 3 3 1 2 5 4 6 7 0
5 0 5 3 1 2 5 4 0 6 7
6 0 6 3 1 2 7 4 6 5 0
6 0 6 3 1 2 5 0 4 6 7
3 0 3 3 1 2 5 7 4 6 0
4 0 4 3 1 2 5 7 4 0 6
5 0 5 3 1 2 5 7 0 4 6
6 0 6 3 1 2 5 0 7 4 6
5 0 5 3 1 2 5 6 7 4 0
6 0 6 3 1 2 5 6 7 0 4
7 0 7 3 1 2 4 7 0 6 5
7 0 7 3 1 2 7 4 0 5 6
7 0 7 3 1 2 6 0 4 5 7
6 0 6 3 1 2 6 7 4 5 0
7 0 7 3 1 0 2 4 5 6 7
6 0 6 3 1 6 2 4 5 0 7
5 0 5 3 1 6 2 4 5 7 0
7 0 7 0 1 2 3 4 5 6 7
6 0 6 1 0 2 3 4 5 6 7
5 0 5 1 2 0 3 4 5 6 7
4 0 4 1 2 3 0 4 5 6 7
3 0 3 1 2 3 7 4 5 6 0
3 0 3 1 2 3 4 0 5 6 7
2 0 2 1 2 3 4 5 0 6 7
1 0 1 1 2 3 4 5 6 0 7
