0 0 0 6 2 0 5 7 3 4 1
15 1 14 6 2 4 5 7 3 0 1
15 2 13 6 2 4 5 7 3 1 0
17 2 15 6 2 4 5 7 0 3 1
18 4 14 6 2 4 5 0 3 1 7
18 5 13 6 2 4 5 3 0 1 7
18 6 12 6 2 4 5 3 1 0 7
18 7 11 6 2 4 5 3 1 7 0
19 1 18 6 2 5 0 7 3 4 1
13 2 11 6 2 5 1 7 3 4 0
15 3 12 6 2 5 1 7 3 0 4
16 4 12 6 2 5 1 0 3 4 7
16 5 11 6 2 5 1 3 0 4 7
16 6 10 6 2 5 1 3 4 0 7
16 7 9 6 2 5 1 3 4 7 0
17 4 13 6 2 5 1 7 0 3 4
18 5 13 0 2 5 1 6 3 4 7
15 7 8 1 2 5 0 6 3 4 7
15 8 7 1 2 5 7 6 3 4 0
15 10 5 1 2 5 4 6 3 0 7
15 11 4 1 2 5 4 6 3 7 0
16 8 8 3 2 5 1 6 0 4 7
16 9 7 3 2 5 1 6 4 0 7
16 10 6 3 2 5 1 6 4 7 0
17 8 9 1 2 0 5 6 3 4 7
13 9 4 1 2 4 5 6 3 0 7
13 10 3 1 2 4 5 6 3 7 0
15 10 5 1 2 4 5 6 0 3 7
17 10 7 1 2 5 6 0 3 4 7
17 9 8 1 2 5 7 6 3 0 4
17 11 6 1 2 5 4 6 0 3 7
17 11 6 1 2 4 5 0 6 3 7
17 11 6 1 2 5 6 3 0 4 7
17 12 5 1 2 5 6 3 4 0 7
17 13 4 1 2 5 6 3 4 7 0
18 7 11 6 2 0 1 3 4 5 7
18 6 12 2 0 5 1 6 3 4 7
14 7 7 2 3 5 1 6 0 4 7
14 8 6 2 3 5 1 6 4 0 7
14 9 5 2 3 5 1 6 4 7 0
16 8 8 2 3 5 1 0 6 4 7
17 10 7 2 3 5 1 7 6 4 0
18 8 10 7 2 5 1 6 3 4 0
18 10 8 1 2 5 7 0 3 4 6
18 9 9 3 2 5 1 0 6 4 7
17 11 6 3 2 5 1 7 6 4 0
18 12 6 1 2 4 5 0 3 7 6
18 13 5 1 2 4 5 7 6 3 0
18 8 10 6 2 1 0 3 4 5 7
18 7 11 2 5 0 1 6 3 4 7
16 8 8 2 5 4 1 6 3 0 7
16 9 7 2 5 4 1 6 3 7 0
18 9 9 2 3 0 1 6 4 5 7
18 11 7 1 2 5 7 3 0 4 6
18 13 5 1 2 4 5 3 0 7 6
18 9 9 6 2 1 7 3 4 5 0
18 8 10 2 5 1 0 6 3 4 7
18 9 9 2 5 4 1 6 0 3 7
18 10 8 2 3 1 0 6 4 5 7
18 12 6 1 2 5 7 3 4 0 6
18 14 4 1 2 4 5 3 7 0 6
18 9 9 2 5 1 7 6 3 4 0
18 11 7 2 5 1 4 6 3 0 7
18 11 7 2 3 1 7 6 4 5 0
18 13 5 2 3 1 5 6 4 0 7
18 13 5 1 2 5 7 3 4 6 0
18 15 3 1 2 4 5 3 7 6 0
18 12 6 2 5 1 4 6 3 7 0
18 14 4 2 3 1 5 6 4 7 0
19 3 16 6 2 4 0 7 3 1 5
17 6 11 6 2 4 1 7 3 0 5
17 7 10 6 2 4 1 7 3 5 0
19 3 16 6 2 4 5 0 7 3 1
16 5 11 6 2 4 5 1 7 3 0
18 6 12 6 2 4 5 1 7 0 3
19 4 15 6 2 5 4 7 3 0 1
19 5 14 0 2 5 1 7 3 4 6
15 8 7 3 2 5 1 7 0 4 6
15 9 6 3 2 5 1 7 4 0 6
15 10 5 3 2 5 1 7 4 6 0
16 7 9 1 2 5 0 7 3 4 6
14 8 6 1 2 5 6 7 3 4 0
16 10 6 1 2 5 4 7 3 0 6
16 9 7 1 2 5 6 7 3 0 4
16 11 5 1 2 5 4 7 3 6 0
17 6 11 7 2 5 1 0 3 4 6
17 9 8 3 2 5 1 0 7 4 6
17 9 8 3 0 5 1 7 2 4 6
17 7 10 7 2 5 1 3 0 4 6
17 10 7 3 5 0 1 7 2 4 6
17 8 9 7 2 5 1 3 4 0 6
17 11 6 3 5 1 0 7 2 4 6
17 11 6 3 5 4 1 7 2 0 6
17 9 8 7 2 5 1 3 4 6 0
17 12 5 3 5 1 6 7 2 4 0
17 12 5 3 5 4 1 7 2 6 0
18 8 10 1 2 0 5 7 3 4 6
14 9 5 1 2 4 5 7 3 0 6
14 10 4 1 2 4 5 7 3 6 0
16 10 6 1 2 4 5 7 0 3 6
17 12 5 1 2 4 5 0 3 6 7
17 13 4 1 2 4 5 3 0 6 7
17 14 3 1 2 4 5 3 6 0 7
17 15 2 1 2 4 5 3 6 7 0
18 11 7 1 2 5 4 7 0 3 6
18 10 8 1 2 5 6 7 0 3 4
18 11 7 3 2 5 1 6 7 4 0
18 11 7 1 2 4 5 0 7 3 6
17 13 4 1 2 4 5 6 7 3 0
19 5 14 6 2 0 1 7 3 4 5
19 4 15 6 2 0 1 7 3 5 4
19 5 14 6 2 5 1 0 7 3 4
18 7 11 6 2 5 1 4 7 3 0
19 11 8 1 2 0 4 6 3 5 7
19 9 10 1 0 2 5 6 3 4 7
15 10 5 1 3 2 5 6 0 4 7
15 11 4 1 3 2 5 6 4 0 7
15 12 3 1 3 2 5 6 4 7 0
17 11 6 1 3 2 5 0 6 4 7
16 13 3 1 3 2 5 7 6 4 0
18 14 4 1 3 2 5 7 6 0 4
19 11 8 1 2 4 0 6 3 7 5
19 10 9 1 2 5 7 6 0 3 4
19 12 7 1 2 5 4 0 6 3 7
19 11 8 2 3 5 1 0 4 7 6
19 11 8 2 3 5 1 7 6 0 4
19 12 7 3 2 5 1 7 6 0 4
19 7 12 6 2 4 1 7 0 3 5
19 5 14 6 2 5 4 7 3 1 0
19 6 13 2 0 5 1 7 3 4 6
15 7 8 2 3 5 1 7 0 4 6
15 8 7 2 3 5 1 7 4 0 6
15 9 6 2 3 5 1 7 4 6 0
17 8 9 2 3 5 1 0 7 4 6
16 10 6 2 3 5 1 6 7 4 0
18 11 7 2 3 5 1 0 4 6 7
18 11 7 2 3 5 1 6 7 0 4
18 12 6 2 3 5 1 4 0 6 7
18 13 5 2 3 5 1 4 6 0 7
18 14 4 2 3 5 1 4 6 7 0
19 13 6 1 2 5 4 0 3 6 7
19 10 9 0 3 5 1 7 2 4 6
16 12 4 1 3 5 0 7 2 4 6
16 13 3 1 3 5 6 7 2 4 0
18 13 5 1 3 0 5 7 2 4 6
18 15 3 1 3 5 7 0 2 4 6
18 15 3 1 3 5 4 7 2 0 6
18 14 4 1 3 5 6 7 2 0 4
18 14 4 1 3 4 5 7 2 0 6
18 16 2 1 3 5 7 2 0 4 6
18 16 2 1 3 5 4 7 2 6 0
18 15 3 1 3 4 5 7 2 6 0
18 17 1 1 3 5 7 2 4 0 6
