0 0 0 6 2 0 5 7 3 4 1
14 0 14 6 2 4 5 7 3 0 1
13 0 13 6 2 4 5 7 3 1 0
14 0 14 6 2 4 5 0 3 1 7
13 0 13 6 2 4 5 3 0 1 7
12 0 12 6 2 4 5 3 1 0 7
11 0 11 6 2 4 5 3 1 7 0
14 0 14 6 2 4 0 3 1 7 5
13 0 13 6 2 4 3 0 1 7 5
10 0 10 6 2 4 3 5 1 7 0
11 0 11 6 2 4 3 5 1 0 7
12 0 12 6 2 4 3 1 0 7 5
11 0 11 6 2 4 3 1 7 0 5
10 0 10 6 2 4 3 1 7 5 0
12 0 12 6 2 4 3 5 0 1 7
13 0 13 6 2 4 7 3 1 0 5
12 0 12 6 2 4 7 3 1 5 0
13 0 13 0 2 4 3 5 1 7 6
4 0 4 1 2 4 3 5 0 7 6
3 0 3 1 2 4 3 5 7 0 6
2 0 2 1 2 4 3 5 7 6 0
5 0 5 1 2 4 3 0 5 7 6
2 0 2 1 2 4 3 6 5 7 0
3 0 3 1 2 4 3 6 5 0 7
4 0 4 1 2 4 3 6 0 5 7
5 0 5 1 2 4 3 0 6 5 7
4 0 4 1 2 4 3 7 6 5 0
5 0 5 1 2 4 3 7 6 0 5
6 0 6 1 2 4 0 3 5 7 6
3 0 3 1 2 4 6 3 5 7 0
4 0 4 1 2 4 6 3 5 0 7
5 0 5 1 2 4 7 3 5 0 6
4 0 4 1 2 4 7 3 5 6 0
5 0 5 1 2 4 6 3 0 5 7
5 0 5 1 2 4 0 3 5 6 7
4 0 4 1 2 4 3 0 5 6 7
3 0 3 1 2 4 3 5 0 6 7
2 0 2 1 2 4 3 5 6 0 7
1 0 1 1 2 4 3 5 6 7 0
3 0 3 1 2 4 3 7 5 6 0
4 0 4 1 2 4 3 7 5 0 6
5 0 5 1 2 4 3 7 0 5 6
6 0 6 1 2 4 0 3 6 5 7
3 0 3 1 2 4 5 3 6 0 7
2 0 2 1 2 4 5 3 6 7 0
4 0 4 1 2 4 5 3 0 6 7
5 0 5 1 2 4 7 3 6 5 0
5 0 5 1 2 4 5 0 3 6 7
4 0 4 1 2 4 5 7 3 6 0
5 0 5 1 2 4 5 7 3 0 6
6 0 6 1 2 4 3 7 0 6 5
6 0 6 1 2 4 7 3 0 5 6
6 0 6 1 2 4 6 0 3 5 7
5 0 5 1 2 4 6 7 3 5 0
6 0 6 1 2 0 4 3 5 6 7
5 0 5 1 2 6 4 3 5 0 7
4 0 4 1 2 6 4 3 5 7 0
6 0 6 1 2 4 3 0 6 7 5
5 0 5 1 2 4 3 6 0 7 5
4 0 4 1 2 4 3 6 7 0 5
3 0 3 1 2 4 3 6 7 5 0
6 0 6 1 2 4 3 0 7 5 6
6 0 6 1 2 4 7 3 6 0 5
6 0 6 1 2 4 0 5 3 6 7
5 0 5 1 2 4 7 5 3 6 0
5 0 5 1 2 4 6 5 3 0 7
4 0 4 1 2 4 6 5 3 7 0
6 0 6 1 2 4 5 7 0 3 6
6 0 6 1 2 4 6 7 3 0 5
6 0 6 1 2 6 4 3 0 5 7
6 0 6 1 2 4 7 5 3 0 6
6 0 6 1 2 4 6 5 0 3 7
7 0 7 1 2 4 3 0 7 6 5
7 0 7 1 2 0 4 3 5 7 6
6 0 6 1 2 7 4 3 5 0 6
5 0 5 1 2 7 4 3 5 6 0
7 0 7 1 2 0 3 5 6 4 7
6 0 6 1 2 3 0 5 6 4 7
1 0 1 1 2 3 4 5 6 0 7
