0 0 0 0 5 4 2 1 6 7 3
8 0 8 3 5 4 2 1 6 7 0
9 0 9 3 5 4 2 1 6 0 7
10 0 10 1 5 4 2 0 6 7 3
5 0 5 1 5 4 2 3 6 7 0
6 0 6 1 5 4 2 3 6 0 7
7 0 7 1 5 4 2 3 0 6 7
8 0 8 1 5 4 2 0 3 6 7
7 0 7 1 5 4 2 7 3 6 0
8 0 8 1 0 4 2 3 5 6 7
7 0 7 1 4 0 2 3 5 6 7
6 0 6 1 4 2 0 3 5 6 7
5 0 5 1 4 2 7 3 5 6 0
5 0 5 1 4 2 3 0 5 6 7
4 0 4 1 4 2 3 5 0 6 7
3 0 3 1 4 2 3 5 6 0 7
2 0 2 1 4 2 3 5 6 7 0
4 0 4 1 4 2 3 7 5 6 0
5 0 5 1 4 2 6 3 5 0 7
4 0 4 1 4 2 6 3 5 7 0
5 0 5 1 4 2 3 7 5 0 6
6 0 6 1 4 6 2 3 5 0 7
5 0 5 1 4 6 2 3 5 7 0
6 0 6 1 4 2 7 3 5 0 6
6 0 6 1 0 2 3 4 5 6 7
5 0 5 1 2 0 3 4 5 6 7
4 0 4 1 2 3 0 4 5 6 7
3 0 3 1 2 3 7 4 5 6 0
3 0 3 1 2 3 4 0 5 6 7
2 0 2 1 2 3 4 5 0 6 7
1 0 1 1 2 3 4 5 6 0 7
