0 0 0 2 6 4 5 7 3 0 1
13 1 12 2 6 4 5 7 3 1 0
15 1 14 2 6 4 5 7 0 3 1
16 3 13 2 6 4 5 0 3 1 7
16 4 12 2 6 4 5 3 0 1 7
16 5 11 2 6 4 5 3 1 0 7
16 6 10 2 6 4 5 3 1 7 0
17 2 15 2 6 4 0 7 3 1 5
15 5 10 2 6 4 1 7 3 0 5
15 6 9 2 6 4 1 7 3 5 0
17 2 15 2 6 4 5 0 7 3 1
14 4 10 2 6 4 5 1 7 3 0
16 5 11 2 6 4 5 1 7 0 3
17 6 11 2 6 4 1 7 0 3 5
18 5 13 2 0 4 5 3 6 1 7
18 8 10 2 6 4 1 0 3 5 7
18 5 13 2 6 4 0 1 7 3 5
18 6 12 2 6 4 5 1 0 7 3
18 6 12 2 4 0 5 3 6 1 7
12 7 5 2 4 1 5 3 6 0 7
12 8 4 2 4 1 5 3 6 7 0
14 8 6 2 4 1 5 3 0 6 7
16 9 7 2 4 1 5 0 3 6 7
17 11 6 2 4 1 5 7 3 6 0
18 9 9 2 6 4 1 3 0 5 7
18 8 10 2 6 4 3 1 7 0 5
18 7 11 2 4 5 0 3 6 1 7
16 10 6 2 4 5 1 3 6 0 7
16 11 5 2 4 5 1 3 6 7 0
18 9 9 2 4 1 0 3 6 7 5
18 9 9 2 0 1 5 3 4 6 7
18 10 8 2 6 4 1 3 5 0 7
18 9 9 2 6 4 3 1 7 5 0
18 8 10 2 4 5 7 3 6 1 0
18 11 7 2 4 5 1 3 0 6 7
18 10 8 2 1 0 5 3 4 6 7
18 11 7 2 6 4 1 3 5 7 0
18 11 7 2 1 5 0 3 4 6 7
18 11 7 2 1 6 5 3 4 0 7
18 12 6 2 1 5 7 3 4 6 0
18 12 6 2 1 6 5 3 4 7 0
19 1 18 2 6 0 5 7 3 4 1
19 2 17 2 0 4 5 7 6 3 1
19 3 16 2 6 0 4 7 3 1 5
13 4 9 2 6 1 4 7 3 0 5
13 5 8 2 6 1 4 7 3 5 0
15 5 10 2 6 1 4 7 0 3 5
16 7 9 2 6 1 4 0 3 5 7
16 8 8 2 6 1 4 3 0 5 7
16 9 7 2 6 1 4 3 5 0 7
16 10 6 2 6 1 4 3 5 7 0
17 6 11 2 6 1 4 0 7 3 5
16 8 8 2 6 1 4 5 7 3 0
18 9 9 2 0 1 4 3 6 5 7
18 9 9 2 6 1 4 5 7 0 3
18 10 8 2 1 0 4 3 6 5 7
16 11 5 2 1 5 4 3 6 0 7
16 12 4 2 1 5 4 3 6 7 0
18 11 7 2 1 4 0 3 6 5 7
18 12 6 2 1 5 4 3 0 6 7
18 12 6 2 1 4 7 3 6 5 0
19 5 14 2 6 4 7 0 3 1 5
19 6 13 2 6 0 1 7 3 4 5
19 7 12 2 6 4 1 0 7 3 5
19 10 9 2 4 1 5 0 6 7 3
19 12 7 2 4 1 5 7 3 0 6
19 2 17 2 6 5 0 7 3 4 1
13 3 10 2 6 5 1 7 3 4 0
15 4 11 2 6 5 1 7 3 0 4
16 5 11 2 6 5 1 0 3 4 7
16 6 10 2 6 5 1 3 0 4 7
16 7 9 2 6 5 1 3 4 0 7
16 8 8 2 6 5 1 3 4 7 0
17 5 12 2 6 5 1 7 0 3 4
18 7 11 2 0 5 1 3 6 4 7
18 8 10 2 6 0 1 3 4 5 7
18 8 10 2 5 0 1 3 6 4 7
16 9 7 2 5 4 1 3 6 0 7
16 10 6 2 5 4 1 3 6 7 0
18 9 9 2 6 1 0 3 4 5 7
18 9 9 2 5 1 0 3 6 4 7
18 10 8 2 5 4 1 3 0 6 7
18 10 8 2 6 1 7 3 4 5 0
18 10 8 2 5 1 7 3 6 4 0
18 12 6 2 5 1 4 3 6 0 7
18 13 5 2 5 1 4 3 6 7 0
19 3 16 2 4 0 5 7 6 3 1
13 4 9 2 4 3 5 7 6 0 1
13 5 8 2 4 3 5 7 6 1 0
15 5 10 2 4 3 5 7 0 6 1
16 7 9 2 4 3 5 0 6 1 7
16 8 8 2 4 3 5 6 0 1 7
16 9 7 2 4 3 5 6 1 0 7
16 10 6 2 4 3 5 6 1 7 0
17 6 11 2 4 3 5 0 7 6 1
14 8 6 2 4 3 5 1 7 6 0
16 9 7 2 4 3 5 1 7 0 6
18 10 8 2 4 3 5 1 0 7 6
19 6 13 2 6 1 0 7 3 5 4
19 6 13 2 0 1 4 7 6 3 5
19 6 13 2 6 4 7 3 0 1 5
19 7 12 2 6 1 0 7 3 4 5
19 11 8 2 4 1 5 6 0 7 3
19 5 14 2 6 5 4 7 3 0 1
19 5 14 2 6 0 1 7 3 5 4
19 6 13 2 6 5 1 0 7 3 4
18 8 10 2 6 5 1 4 7 3 0
19 4 15 2 4 5 0 7 6 3 1
13 5 8 2 4 5 1 7 6 3 0
15 6 9 2 4 5 1 7 6 0 3
16 7 9 2 4 5 1 0 6 3 7
16 8 8 2 4 5 1 6 0 3 7
16 9 7 2 4 5 1 6 3 0 7
16 10 6 2 4 5 1 6 3 7 0
17 7 10 2 4 5 3 7 6 0 1
17 7 10 2 4 5 1 7 0 6 3
17 8 9 2 4 5 3 7 6 1 0
19 6 13 2 4 3 0 7 6 1 5
17 9 8 2 4 3 1 7 6 0 5
17 10 7 2 4 3 1 7 6 5 0
19 7 12 2 1 0 4 7 6 3 5
13 8 5 2 1 3 4 7 6 0 5
13 9 4 2 1 3 4 7 6 5 0
15 9 6 2 1 3 4 7 0 6 5
16 11 5 2 1 3 4 0 6 5 7
16 12 4 2 1 3 4 6 0 5 7
16 13 3 2 1 3 4 6 5 0 7
16 14 2 2 1 3 4 6 5 7 0
17 10 7 2 1 3 4 0 7 6 5
14 12 2 2 1 3 4 5 7 6 0
16 13 3 2 1 3 4 5 7 0 6
18 14 4 2 1 3 4 5 0 7 6
19 7 12 2 6 4 7 3 1 0 5
19 12 7 2 4 1 5 6 7 0 3
19 6 13 2 6 5 4 7 3 1 0
19 8 11 2 4 5 3 7 0 6 1
19 8 11 2 4 5 1 0 7 6 3
16 10 6 2 4 5 1 3 7 6 0
18 11 7 2 4 5 1 3 7 0 6
19 10 9 2 4 3 1 7 0 6 5
19 8 11 2 1 4 0 7 6 3 5
15 9 6 2 1 4 5 7 6 3 0
17 11 6 2 1 4 3 7 6 0 5
17 10 7 2 1 4 5 7 6 0 3
17 12 5 2 1 4 3 7 6 5 0
18 11 7 2 1 4 5 0 6 3 7
18 12 6 2 1 4 5 6 0 3 7
18 13 5 2 1 4 5 6 3 0 7
18 14 4 2 1 4 5 6 3 7 0
19 8 11 2 6 4 7 3 1 5 0
19 13 6 2 4 1 5 6 7 3 0
19 12 7 2 1 4 3 7 0 6 5
19 11 8 2 1 4 5 7 0 6 3
20 6 14 2 0 4 5 6 3 1 7
14 7 7 2 3 4 5 6 0 1 7
14 8 6 2 3 4 5 6 1 0 7
14 9 5 2 3 4 5 6 1 7 0
16 8 8 2 3 4 5 0 6 1 7
17 10 7 2 3 4 5 7 6 1 0
19 11 8 2 3 4 5 0 1 7 6
19 11 8 2 3 4 5 7 6 0 1
20 6 14 2 6 4 0 5 3 1 7
18 9 9 2 6 4 1 5 3 0 7
18 10 8 2 6 4 1 5 3 7 0
20 6 14 2 6 0 5 3 1 4 7
20 7 13 2 6 4 0 3 1 7 5
20 6 14 0 2 4 5 3 6 1 7
16 7 9 3 2 4 5 0 6 1 7
16 8 8 3 2 4 5 6 0 1 7
16 9 7 3 2 4 5 6 1 0 7
16 10 6 3 2 4 5 6 1 7 0
17 9 8 3 2 4 5 7 6 1 0
19 10 9 3 2 4 5 7 6 0 1
20 6 14 2 6 0 4 1 7 3 5
16 7 9 2 6 3 4 1 7 0 5
16 8 8 2 6 3 4 1 7 5 0
18 8 10 2 6 3 4 1 0 7 5
20 7 13 2 6 4 5 0 1 7 3
20 7 13 2 0 4 5 1 6 7 3
20 12 8 2 4 1 0 5 3 6 7
20 10 10 2 0 4 1 3 6 5 7
20 9 11 2 6 4 3 1 0 7 5
20 10 10 2 4 5 3 0 6 1 7
20 11 9 2 4 0 1 3 6 5 7
20 10 10 2 4 0 1 3 6 7 5
20 12 8 2 4 1 3 0 6 7 5
17 14 3 2 4 1 3 5 6 7 0
19 15 4 2 4 1 3 5 6 0 7
20 12 8 2 4 1 7 3 6 0 5
20 10 10 0 2 1 5 3 4 6 7
18 11 7 3 2 1 5 0 4 6 7
17 13 4 3 2 1 5 7 4 6 0
18 12 6 3 2 1 5 4 0 6 7
18 13 5 3 2 1 5 4 6 0 7
18 14 4 3 2 1 5 4 6 7 0
19 14 5 3 2 1 5 7 4 0 6
20 9 11 2 4 5 7 3 6 0 1
20 12 8 2 4 5 1 0 3 6 7
20 14 6 2 1 5 3 0 4 6 7
20 14 6 2 1 5 6 3 4 0 7
20 12 8 2 1 6 5 3 0 4 7
20 13 7 2 1 5 7 3 4 0 6
20 10 10 2 0 1 4 6 3 5 7
16 11 5 2 3 1 4 6 0 5 7
16 12 4 2 3 1 4 6 5 0 7
16 13 3 2 3 1 4 6 5 7 0
18 12 6 2 3 1 4 0 6 5 7
19 14 5 2 3 1 4 7 6 5 0
20 10 10 2 6 1 0 4 3 5 7
20 10 10 0 2 1 4 3 6 5 7
18 11 7 3 2 1 4 0 6 5 7
18 12 6 3 2 1 4 6 0 5 7
18 13 5 3 2 1 4 6 5 0 7
18 14 4 3 2 1 4 6 5 7 0
19 13 6 3 2 1 4 7 6 5 0
20 10 10 2 6 1 4 5 0 7 3
20 14 6 2 1 4 3 0 6 5 7
20 13 7 2 1 5 4 0 3 6 7
20 13 7 2 1 4 7 3 6 0 5
20 7 13 2 6 4 7 5 3 1 0
20 8 12 2 0 5 1 6 3 4 7
16 9 7 2 3 5 1 6 0 4 7
16 10 6 2 3 5 1 6 4 0 7
16 11 5 2 3 5 1 6 4 7 0
18 10 8 2 3 5 1 0 6 4 7
19 12 7 2 3 5 1 7 6 4 0
20 8 12 2 6 5 0 1 3 4 7
20 8 12 0 2 5 1 3 6 4 7
17 10 7 1 2 5 0 3 6 4 7
17 11 6 1 2 5 7 3 6 4 0
17 13 4 1 2 5 4 3 6 0 7
17 14 3 1 2 5 4 3 6 7 0
18 9 9 3 2 5 1 0 6 4 7
17 11 6 3 2 5 1 7 6 4 0
18 10 8 3 2 5 1 6 0 4 7
18 11 7 3 2 5 1 6 4 0 7
18 12 6 3 2 5 1 6 4 7 0
19 11 8 1 2 0 5 3 6 4 7
15 12 3 1 2 4 5 3 6 0 7
15 13 2 1 2 4 5 3 6 7 0
17 13 4 1 2 4 5 3 0 6 7
19 13 6 1 2 5 3 0 6 4 7
19 12 7 1 2 5 7 3 6 0 4
19 14 5 1 2 5 4 3 0 6 7
19 12 7 3 2 5 1 7 6 0 4
19 14 5 1 2 4 5 0 3 6 7
19 14 5 1 2 5 3 6 0 4 7
19 15 4 1 2 5 3 6 4 0 7
19 16 3 1 2 5 3 6 4 7 0
20 9 11 2 0 6 1 3 4 5 7
18 10 8 2 4 6 1 3 0 5 7
18 11 7 2 4 6 1 3 5 0 7
18 12 6 2 4 6 1 3 5 7 0
20 12 8 2 6 1 3 0 4 5 7
20 12 8 2 5 1 3 0 6 4 7
20 11 9 2 5 4 1 0 3 6 7
20 11 9 2 0 4 1 3 5 6 7
20 11 9 2 6 1 7 3 4 0 5
20 11 9 2 5 1 7 3 6 0 4
20 13 7 2 5 1 4 3 0 6 7
20 10 10 2 4 3 0 5 6 1 7
18 13 5 2 4 3 1 5 6 0 7
18 14 4 2 4 3 1 5 6 7 0
20 9 11 2 4 3 0 1 7 6 5
20 11 9 2 4 3 5 0 1 7 6
20 9 11 2 6 5 1 4 7 0 3
20 10 10 2 4 5 0 1 6 3 7
20 10 10 2 4 0 1 6 3 5 7
20 12 8 2 4 3 1 0 6 5 7
20 14 6 2 1 3 0 4 6 5 7
20 15 5 2 1 3 4 0 5 7 6
20 12 8 2 4 5 1 3 0 7 6
20 7 13 2 4 0 5 6 3 1 7
14 8 6 2 4 1 5 6 3 0 7
14 9 5 2 4 1 5 6 3 7 0
16 9 7 2 4 1 5 6 0 3 7
18 10 8 2 4 1 5 0 6 3 7
19 11 8 2 4 1 5 0 3 7 6
19 12 7 2 4 1 5 7 6 3 0
19 12 7 2 4 1 5 3 0 7 6
19 13 6 2 4 1 5 3 7 0 6
19 14 5 2 4 1 5 3 7 6 0
20 9 11 2 3 0 5 6 1 4 7
20 10 10 2 3 4 0 6 1 7 5
20 11 9 2 3 4 0 5 6 1 7
18 14 4 2 3 4 1 5 6 0 7
18 15 3 2 3 4 1 5 6 7 0
20 10 10 2 6 4 1 5 0 3 7
20 7 13 2 6 5 0 3 1 4 7
20 10 10 3 2 4 0 5 6 1 7
18 13 5 3 2 4 1 5 6 0 7
18 14 4 3 2 4 1 5 6 7 0
20 9 11 2 6 3 4 0 1 7 5
19 11 8 2 6 3 4 5 1 7 0
20 9 11 2 0 3 4 1 6 7 5
20 8 12 2 4 0 5 1 6 7 3
20 13 7 2 4 1 7 5 3 6 0
20 11 9 2 4 5 3 6 0 1 7
20 12 8 2 4 1 0 3 6 5 7
20 11 9 2 4 7 1 3 6 0 5
20 13 7 2 4 1 3 6 0 7 5
20 13 7 2 4 1 7 3 6 5 0
20 13 7 4 2 1 5 3 0 6 7
20 13 7 7 2 1 5 3 4 6 0
20 15 5 2 1 5 3 4 0 6 7
20 15 5 2 1 5 6 3 4 7 0
20 11 9 2 1 0 4 6 3 5 7
18 12 6 2 1 5 4 6 3 0 7
18 13 5 2 1 5 4 6 3 7 0
20 11 9 2 6 1 7 4 3 5 0
20 15 5 2 1 4 3 6 0 5 7
20 9 11 2 5 0 1 6 3 4 7
18 10 8 2 5 4 1 6 3 0 7
18 11 7 2 5 4 1 6 3 7 0
20 11 9 2 3 0 1 6 4 5 7
20 9 11 2 6 5 7 1 3 4 0
20 11 9 7 2 5 1 3 6 4 0
20 15 5 1 2 5 3 7 6 4 0
20 16 4 1 2 4 5 7 3 6 0
20 11 9 2 4 6 1 0 3 5 7
20 12 8 2 4 0 1 3 5 6 7
20 13 7 2 6 1 3 4 0 5 7
20 13 7 2 5 1 3 6 0 4 7
20 11 9 2 4 3 7 5 6 1 0
20 14 6 2 4 3 1 5 0 6 7
20 12 8 2 4 3 6 1 7 0 5
20 11 9 2 4 5 7 1 6 3 0
20 11 9 2 4 1 0 6 3 5 7
20 13 7 2 4 3 1 6 0 5 7
20 15 5 2 1 3 7 4 6 5 0
20 17 3 2 1 3 5 4 6 0 7
20 8 12 2 4 5 0 6 3 1 7
20 10 10 2 4 1 0 6 3 7 5
20 10 10 2 3 5 0 6 1 4 7
20 12 8 2 3 4 7 5 6 1 0
20 15 5 2 3 4 1 5 0 6 7
20 8 12 2 6 5 7 3 1 4 0
20 11 9 3 2 4 7 5 6 1 0
20 14 6 3 2 4 1 5 0 6 7
20 10 10 2 3 0 4 1 6 7 5
20 9 11 2 4 5 0 1 6 7 3
16 10 6 2 4 5 3 1 6 7 0
18 11 7 2 4 5 3 1 6 0 7
20 9 11 2 4 7 5 1 6 0 3
20 12 8 2 4 5 3 6 1 0 7
20 12 8 2 4 7 1 3 6 5 0
20 14 6 2 4 1 3 6 7 0 5
20 14 6 4 2 1 5 3 6 0 7
20 16 4 2 1 5 3 4 6 0 7
20 12 8 2 1 4 0 6 3 5 7
20 13 7 2 1 5 4 6 0 3 7
20 16 4 2 1 4 3 6 5 0 7
20 10 10 2 5 1 0 6 3 4 7
20 11 9 2 5 4 1 6 0 3 7
20 12 8 2 3 1 0 6 4 5 7
20 13 7 2 4 1 0 3 5 6 7
20 14 6 2 6 1 3 4 5 0 7
20 14 6 2 5 1 3 6 4 0 7
20 13 7 2 4 3 6 1 7 5 0
20 12 8 2 4 1 7 6 3 5 0
20 14 6 2 4 3 1 6 5 0 7
20 18 2 2 1 3 5 4 6 7 0
20 9 11 2 4 5 7 6 3 1 0
20 11 9 2 3 5 7 6 1 4 0
20 13 7 2 3 5 4 6 1 0 7
20 11 9 2 3 4 0 1 6 7 5
16 12 4 2 3 4 5 1 6 7 0
18 13 5 2 3 4 5 1 6 0 7
20 11 9 2 3 7 4 1 6 0 5
20 12 8 2 4 5 3 1 0 6 7
20 10 10 2 4 7 5 1 6 3 0
20 13 7 2 4 5 3 6 1 7 0
20 15 5 2 4 1 3 6 7 5 0
20 15 5 4 2 1 5 3 6 7 0
20 17 3 2 1 5 3 4 6 7 0
20 13 7 2 1 4 7 6 3 5 0
20 17 3 2 1 4 3 6 5 7 0
20 11 9 2 5 1 7 6 3 4 0
20 13 7 2 5 1 4 6 3 0 7
20 13 7 2 3 1 7 6 4 5 0
20 15 5 2 3 1 5 6 4 0 7
20 14 6 2 4 1 7 3 5 6 0
20 15 5 2 6 1 3 4 5 7 0
20 15 5 2 5 1 3 6 4 7 0
20 15 5 2 4 3 1 6 5 7 0
20 14 6 2 3 5 4 6 1 7 0
20 14 6 2 3 4 5 1 0 6 7
20 12 8 2 3 7 4 1 6 5 0
20 14 6 2 5 1 4 6 3 7 0
20 16 4 2 3 1 5 6 4 7 0
21 4 17 2 6 0 5 7 3 1 4
15 5 10 2 6 1 5 7 3 0 4
15 6 9 2 6 1 5 7 3 4 0
17 6 11 2 6 1 5 7 0 3 4
18 8 10 2 6 1 5 0 3 4 7
18 9 9 2 6 1 5 3 0 4 7
18 10 8 2 6 1 5 3 4 0 7
18 11 7 2 6 1 5 3 4 7 0
19 7 12 2 6 1 5 0 7 3 4
18 9 9 2 6 1 5 4 7 3 0
20 10 10 2 0 1 5 3 6 4 7
20 10 10 2 6 1 5 4 7 0 3
20 11 9 2 1 0 5 3 6 4 7
16 12 4 2 1 4 5 3 6 0 7
16 13 3 2 1 4 5 3 6 7 0
18 13 5 2 1 4 5 3 0 6 7
20 12 8 2 1 5 0 3 6 4 7
20 14 6 2 1 4 5 0 3 6 7
20 13 7 2 1 5 7 3 6 4 0
21 5 16 2 0 4 5 6 7 3 1
21 5 16 2 6 4 0 5 7 3 1
15 6 9 2 6 4 1 5 7 3 0
17 7 10 2 6 4 1 5 7 0 3
19 8 11 2 6 4 3 5 7 0 1
19 8 11 2 6 4 1 5 0 7 3
19 9 10 2 6 4 3 5 7 1 0
21 7 14 2 0 4 1 7 6 3 5
21 2 19 2 0 6 5 7 3 4 1
15 3 12 2 3 6 5 7 0 4 1
15 4 11 2 3 6 5 7 4 0 1
15 5 10 2 3 6 5 7 4 1 0
17 4 13 2 3 6 5 0 7 4 1
14 6 8 2 3 6 5 1 7 4 0
16 7 9 2 3 6 5 1 7 0 4
18 7 11 2 3 6 5 0 4 1 7
18 7 11 2 3 6 0 1 7 4 5
18 8 10 2 3 6 5 1 0 7 4
18 8 10 2 3 6 5 4 0 1 7
18 10 8 2 3 6 4 1 7 0 5
18 9 9 2 3 6 5 4 1 0 7
18 11 7 2 3 6 4 1 7 5 0
18 10 8 2 3 6 5 4 1 7 0
19 5 14 2 3 0 5 7 4 6 1
19 6 13 2 3 6 0 7 4 1 5
17 9 8 2 3 6 1 7 4 0 5
17 10 7 2 3 6 1 7 4 5 0
19 6 13 2 3 5 0 7 4 6 1
13 7 6 2 3 5 1 7 4 6 0
15 8 7 2 3 5 1 7 4 0 6
16 9 7 2 3 5 1 0 4 6 7
16 10 6 2 3 5 1 4 0 6 7
16 11 5 2 3 5 1 4 6 0 7
16 12 4 2 3 5 1 4 6 7 0
17 9 8 2 3 5 1 7 0 4 6
19 10 9 2 3 6 1 7 0 4 5
19 9 10 2 3 5 6 7 4 0 1
19 9 10 2 3 0 1 7 4 5 6
19 10 9 2 3 5 1 0 7 4 6
18 12 6 2 3 5 1 6 7 4 0
19 10 9 2 3 5 6 7 4 1 0
19 10 9 2 3 1 0 7 4 5 6
17 11 6 2 3 1 6 7 4 5 0
19 13 6 2 3 1 5 7 4 0 6
19 12 7 2 3 1 6 7 4 0 5
19 14 5 2 3 1 5 7 4 6 0
20 9 11 2 3 0 5 1 7 4 6
16 10 6 2 3 4 5 1 7 0 6
16 11 5 2 3 4 5 1 7 6 0
18 11 7 2 3 4 5 1 0 7 6
20 8 12 2 3 0 5 1 7 6 4
20 8 12 2 3 0 6 1 7 4 5
16 9 7 2 3 4 6 1 7 0 5
16 10 6 2 3 4 6 1 7 5 0
18 10 8 2 3 4 6 1 0 7 5
20 10 10 2 3 6 1 0 7 4 5
19 12 7 2 3 6 1 5 7 4 0
20 9 11 2 3 6 5 0 1 7 4
20 11 9 2 3 6 4 1 0 7 5
20 10 10 2 3 0 5 4 1 6 7
20 12 8 2 3 6 1 0 4 5 7
20 12 8 2 3 5 0 1 4 6 7
20 12 8 2 3 0 1 4 6 5 7
20 13 7 2 3 5 1 6 7 0 4
20 13 7 2 3 1 6 0 4 5 7
20 10 10 2 3 5 0 1 7 4 6
18 11 7 2 3 5 6 1 7 4 0
20 9 11 2 3 5 0 1 7 6 4
16 10 6 2 3 5 4 1 7 6 0
18 11 7 2 3 5 4 1 7 0 6
20 11 9 2 3 4 0 1 7 5 6
20 11 9 2 3 4 6 0 1 7 5
19 13 6 2 3 4 6 5 1 7 0
20 11 9 2 3 5 0 4 1 6 7
20 13 7 2 3 6 1 4 0 5 7
20 13 7 2 3 5 7 1 4 6 0
20 13 7 2 3 1 0 4 6 5 7
20 14 6 2 3 1 6 4 0 5 7
20 12 8 2 3 5 6 1 7 0 4
20 12 8 2 3 5 4 1 0 7 6
20 12 8 2 3 5 7 4 1 6 0
20 14 6 2 3 6 1 4 5 0 7
20 14 6 2 3 1 7 4 6 5 0
20 16 4 2 3 1 5 4 6 0 7
20 15 5 2 3 1 6 4 5 0 7
20 15 5 2 3 6 1 4 5 7 0
20 17 3 2 3 1 5 4 6 7 0
20 16 4 2 3 1 6 4 5 7 0
21 3 18 0 2 4 5 7 6 3 1
11 6 5 1 2 4 5 7 6 3 0
13 7 6 1 2 4 5 7 6 0 3
14 8 6 1 2 4 5 0 6 3 7
14 9 5 1 2 4 5 6 0 3 7
14 10 4 1 2 4 5 6 3 0 7
14 11 3 1 2 4 5 6 3 7 0
15 8 7 1 2 4 5 7 0 6 3
17 7 10 1 2 4 0 7 6 3 5
15 10 5 1 2 4 3 7 6 0 5
15 11 4 1 2 4 3 7 6 5 0
17 9 8 1 2 4 5 0 7 6 3
14 11 3 1 2 4 5 3 7 6 0
16 12 4 1 2 4 5 3 7 0 6
17 11 6 1 2 4 3 7 0 6 5
18 11 7 1 2 4 0 5 6 3 7
16 14 2 1 2 4 3 5 6 0 7
16 15 1 1 2 4 3 5 6 7 0
18 13 5 1 2 4 3 0 6 5 7
18 13 5 1 2 4 5 3 0 7 6
18 12 6 1 2 4 7 5 6 3 0
18 15 3 1 2 4 3 5 0 6 7
18 14 4 1 2 4 3 6 0 5 7
18 15 3 1 2 4 3 6 5 0 7
18 16 2 1 2 4 3 6 5 7 0
19 13 6 1 2 4 5 0 3 7 6
19 8 11 1 2 0 4 7 6 3 5
13 9 4 1 2 3 4 7 6 0 5
13 10 3 1 2 3 4 7 6 5 0
15 10 5 1 2 3 4 7 0 6 5
16 12 4 1 2 3 4 0 6 5 7
16 13 3 1 2 3 4 6 0 5 7
16 14 2 1 2 3 4 6 5 0 7
16 15 1 1 2 3 4 6 5 7 0
17 11 6 1 2 3 4 0 7 6 5
14 13 1 1 2 3 4 5 7 6 0
16 14 2 1 2 3 4 5 7 0 6
18 15 3 1 2 3 4 5 0 7 6
19 10 9 1 2 4 7 0 6 3 5
19 12 7 1 2 4 3 0 7 6 5
16 14 2 1 2 4 3 5 7 6 0
18 15 3 1 2 4 3 5 7 0 6
19 11 8 1 2 4 7 6 0 3 5
19 12 7 1 2 4 7 6 3 0 5
19 13 6 1 2 4 7 6 3 5 0
20 11 9 1 2 0 5 6 3 4 7
20 12 8 1 2 4 0 6 3 7 5
20 12 8 1 2 4 0 3 7 6 5
20 12 8 1 2 0 4 5 6 3 7
14 13 1 1 2 3 4 5 6 0 7
