0 0 8 5 0 9 10 6 1 7 4 2 11 3
6 1 8 5 1 9 10 6 0 7 4 2 11 3
7 1 8 5 1 9 10 6 7 0 4 2 11 3
3 1 8 5 1 0 10 6 7 9 4 2 11 3
0 2 0 5 1 8 10 6 7 9 4 2 11 3
7 3 9 5 1 8 10 6 7 0 4 2 11 3
3 1 9 5 1 0 10 6 7 8 4 2 11 3
2 1 9 5 0 1 10 6 7 8 4 2 11 3
1 1 9 0 5 1 10 6 7 8 4 2 11 3
0 1 0 9 5 1 10 6 7 8 4 2 11 3
3 2 1 9 5 0 10 6 7 8 4 2 11 3
4 3 1 9 5 10 0 6 7 8 4 2 11 3
8 1 1 9 5 10 4 6 7 8 0 2 11 3
7 3 1 9 5 10 4 6 7 0 8 2 11 3
3 1 1 9 5 0 4 6 7 10 8 2 11 3
4 3 1 9 5 4 0 6 7 10 8 2 11 3
8 1 1 9 5 4 8 6 7 10 0 2 11 3
11 2 1 9 5 4 8 6 7 10 3 2 11 0
4 3 1 9 5 4 0 6 7 10 3 2 11 8
8 1 1 9 5 4 3 6 7 10 0 2 11 8
7 3 1 9 5 4 3 6 7 0 10 2 11 8
11 1 1 9 5 4 3 6 7 8 10 2 11 0
4 3 1 9 5 4 0 6 7 8 10 2 11 3
5 1 1 9 5 4 6 0 7 8 10 2 11 3
9 1 1 9 5 4 6 2 7 8 10 0 11 3
8 1 1 9 5 4 6 2 7 8 0 10 11 3
4 1 1 9 5 4 0 2 7 8 6 10 11 3
0 1 0 9 5 4 1 2 7 8 6 10 11 3
1 1 9 0 5 4 1 2 7 8 6 10 11 3
5 1 9 2 5 4 1 0 7 8 6 10 11 3
4 1 9 2 5 4 0 1 7 8 6 10 11 3
0 1 0 2 5 4 9 1 7 8 6 10 11 3
5 3 1 2 5 4 9 0 7 8 6 10 11 3
4 1 1 2 5 4 0 9 7 8 6 10 11 3
8 1 1 2 5 4 6 9 7 8 0 10 11 3
5 3 1 2 5 4 6 0 7 8 9 10 11 3
4 1 1 2 5 4 0 6 7 8 9 10 11 3
0 1 0 2 5 4 1 6 7 8 9 10 11 3
3 2 4 2 5 0 1 6 7 8 9 10 11 3
4 3 4 2 5 1 0 6 7 8 9 10 11 3
0 1 0 2 5 1 4 6 7 8 9 10 11 3
3 2 1 2 5 0 4 6 7 8 9 10 11 3
6 3 1 2 5 7 4 6 0 8 9 10 11 3
2 1 1 2 0 7 4 6 5 8 9 10 11 3
3 1 1 2 7 0 4 6 5 8 9 10 11 3
4 3 1 2 7 4 0 6 5 8 9 10 11 3
8 1 1 2 7 4 9 6 5 8 0 10 11 3
11 2 1 2 7 4 9 6 5 8 3 10 11 0
4 3 1 2 7 4 0 6 5 8 3 10 11 9
8 1 1 2 7 4 3 6 5 8 0 10 11 9
11 2 1 2 7 4 3 6 5 8 9 10 11 0
6 3 1 2 7 4 3 6 0 8 9 10 11 5
2 1 1 2 0 4 3 6 7 8 9 10 11 5
3 1 1 2 4 0 3 6 7 8 9 10 11 5
4 3 1 2 4 3 0 6 7 8 9 10 11 5
8 1 1 2 4 3 9 6 7 8 0 10 11 5
11 2 1 2 4 3 9 6 7 8 5 10 11 0
4 3 1 2 4 3 0 6 7 8 5 10 11 9
8 1 1 2 4 3 5 6 7 8 0 10 11 9
11 2 1 2 4 3 5 6 7 8 9 10 11 0
6 3 1 2 4 3 5 6 0 8 9 10 11 7
2 1 1 2 0 3 5 6 4 8 9 10 11 7
3 1 1 2 3 0 5 6 4 8 9 10 11 7
6 3 1 2 3 4 5 6 0 8 9 10 11 7
7 1 1 2 3 4 5 6 8 0 9 10 11 7
11 1 1 2 3 4 5 6 8 7 9 10 11 0
6 3 1 2 3 4 5 6 0 7 9 10 11 8
7 1 1 2 3 4 5 6 7 0 9 10 11 8
11 1 1 2 3 4 5 6 7 8 9 10 11 0
115 0.5663290023803711