0 0 11 10 7 1 5 9 8 4 2 3 0 6
11 1 11 10 7 1 5 9 8 4 2 3 6 0
8 2 11 10 7 1 5 9 8 4 0 3 6 2
9 1 11 10 7 1 5 9 8 4 3 0 6 2
10 1 11 10 7 1 5 9 8 4 3 6 0 2
11 1 11 10 7 1 5 9 8 4 3 6 2 0
7 1 11 10 7 1 5 9 8 0 3 6 2 4
3 1 11 10 7 0 5 9 8 1 3 6 2 4
0 2 0 10 7 11 5 9 8 1 3 6 2 4
7 3 1 10 7 11 5 9 8 0 3 6 2 4
3 1 1 10 7 0 5 9 8 11 3 6 2 4
0 2 0 10 7 1 5 9 8 11 3 6 2 4
1 1 10 0 7 1 5 9 8 11 3 6 2 4
5 1 10 9 7 1 5 0 8 11 3 6 2 4
4 1 10 9 7 1 0 5 8 11 3 6 2 4
0 1 0 9 7 1 10 5 8 11 3 6 2 4
3 2 1 9 7 0 10 5 8 11 3 6 2 4
4 3 1 9 7 10 0 5 8 11 3 6 2 4
8 1 1 9 7 10 3 5 8 11 0 6 2 4
11 2 1 9 7 10 3 5 8 11 4 6 2 0
4 3 1 9 7 10 0 5 8 11 4 6 2 3
8 1 1 9 7 10 4 5 8 11 0 6 2 3
5 3 1 9 7 10 4 0 8 11 5 6 2 3
4 1 1 9 7 10 0 4 8 11 5 6 2 3
8 1 1 9 7 10 5 4 8 11 0 6 2 3
11 2 1 9 7 10 5 4 8 11 3 6 2 0
4 3 1 9 7 10 0 4 8 11 3 6 2 5
0 1 0 9 7 10 1 4 8 11 3 6 2 5
1 1 9 0 7 10 1 4 8 11 3 6 2 5
5 1 9 4 7 10 1 0 8 11 3 6 2 5
4 1 9 4 7 10 0 1 8 11 3 6 2 5
0 1 0 4 7 10 9 1 8 11 3 6 2 5
5 3 1 4 7 10 9 0 8 11 3 6 2 5
6 1 1 4 7 10 9 8 0 11 3 6 2 5
10 1 1 4 7 10 9 8 2 11 3 6 0 5
11 1 1 4 7 10 9 8 2 11 3 6 5 0
4 3 1 4 7 10 0 8 2 11 3 6 5 9
5 1 1 4 7 10 8 0 2 11 3 6 5 9
6 1 1 4 7 10 8 2 0 11 3 6 5 9
10 1 1 4 7 10 8 2 5 11 3 6 0 9
11 1 1 4 7 10 8 2 5 11 3 6 9 0
4 3 1 4 7 10 0 2 5 11 3 6 9 8
5 1 1 4 7 10 2 0 5 11 3 6 9 8
6 1 1 4 7 10 2 5 0 11 3 6 9 8
7 1 1 4 7 10 2 5 11 0 3 6 9 8
11 1 1 4 7 10 2 5 11 8 3 6 9 0
6 3 1 4 7 10 2 5 0 8 3 6 9 11
7 1 1 4 7 10 2 5 8 0 3 6 9 11
11 1 1 4 7 10 2 5 8 11 3 6 9 0
72 1.8304030895233154