0 0 11 0 7 5 6 8 1 2 4 9 10 3
0 1 0 11 7 5 6 8 1 2 4 9 10 3
4 1 6 11 7 5 0 8 1 2 4 9 10 3
8 1 6 11 7 5 4 8 1 2 0 9 10 3
11 2 6 11 7 5 4 8 1 2 3 9 10 0
10 1 6 11 7 5 4 8 1 2 3 9 0 10
9 1 6 11 7 5 4 8 1 2 3 0 9 10
5 1 6 11 7 5 4 0 1 2 3 8 9 10
4 1 6 11 7 5 0 4 1 2 3 8 9 10
0 1 0 11 7 5 6 4 1 2 3 8 9 10
1 1 11 0 7 5 6 4 1 2 3 8 9 10
5 1 11 4 7 5 6 0 1 2 3 8 9 10
4 1 11 4 7 5 0 6 1 2 3 8 9 10
0 1 0 4 7 5 11 6 1 2 3 8 9 10
7 3 2 4 7 5 11 6 1 0 3 8 9 10
11 1 2 4 7 5 11 6 1 10 3 8 9 0
4 3 2 4 7 5 0 6 1 10 3 8 9 11
0 1 0 4 7 5 2 6 1 10 3 8 9 11
3 2 5 4 7 0 2 6 1 10 3 8 9 11
7 1 5 4 7 10 2 6 1 0 3 8 9 11
11 1 5 4 7 10 2 6 1 11 3 8 9 0
10 1 5 4 7 10 2 6 1 11 3 8 0 9
9 1 5 4 7 10 2 6 1 11 3 0 8 9
5 1 5 4 7 10 2 0 1 11 3 6 8 9
6 1 5 4 7 10 2 1 0 11 3 6 8 9
10 1 5 4 7 10 2 1 8 11 3 6 0 9
11 1 5 4 7 10 2 1 8 11 3 6 9 0
4 3 5 4 7 10 0 1 8 11 3 6 9 2
0 1 0 4 7 10 5 1 8 11 3 6 9 2
5 3 1 4 7 10 5 0 8 11 3 6 9 2
4 1 1 4 7 10 0 5 8 11 3 6 9 2
8 1 1 4 7 10 3 5 8 11 0 6 9 2
11 2 1 4 7 10 3 5 8 11 2 6 9 0
4 3 1 4 7 10 0 5 8 11 2 6 9 3
8 1 1 4 7 10 2 5 8 11 0 6 9 3
11 2 1 4 7 10 2 5 8 11 3 6 9 0
49 0.011193037033081055