0 0 5 0 6 1 3 10 2 7 11 4 9 8
0 1 0 5 6 1 3 10 2 7 11 4 9 8
3 2 1 5 6 0 3 10 2 7 11 4 9 8
7 1 1 5 6 7 3 10 2 0 11 4 9 8
11 1 1 5 6 7 3 10 2 8 11 4 9 0
8 2 1 5 6 7 3 10 2 8 0 4 9 11
4 1 1 5 6 7 0 10 2 8 3 4 9 11
5 1 1 5 6 7 10 0 2 8 3 4 9 11
1 1 1 0 6 7 10 5 2 8 3 4 9 11
2 1 1 6 0 7 10 5 2 8 3 4 9 11
3 1 1 6 7 0 10 5 2 8 3 4 9 11
6 3 1 6 7 2 10 5 0 8 3 4 9 11
7 1 1 6 7 2 10 5 8 0 3 4 9 11
3 1 1 6 7 0 10 5 8 2 3 4 9 11
4 3 1 6 7 10 0 5 8 2 3 4 9 11
8 1 1 6 7 10 3 5 8 2 0 4 9 11
7 3 1 6 7 10 3 5 8 0 2 4 9 11
11 1 1 6 7 10 3 5 8 11 2 4 9 0
4 3 1 6 7 10 0 5 8 11 2 4 9 3
8 1 1 6 7 10 2 5 8 11 0 4 9 3
5 3 1 6 7 10 2 0 8 11 5 4 9 3
9 1 1 6 7 10 2 4 8 11 5 0 9 3
8 1 1 6 7 10 2 4 8 11 0 5 9 3
11 2 1 6 7 10 2 4 8 11 3 5 9 0
4 3 1 6 7 10 0 4 8 11 3 5 9 2
0 1 0 6 7 10 1 4 8 11 3 5 9 2
1 1 6 0 7 10 1 4 8 11 3 5 9 2
5 1 6 4 7 10 1 0 8 11 3 5 9 2
4 1 6 4 7 10 0 1 8 11 3 5 9 2
0 1 0 4 7 10 6 1 8 11 3 5 9 2
5 3 1 4 7 10 6 0 8 11 3 5 9 2
4 1 1 4 7 10 0 6 8 11 3 5 9 2
8 1 1 4 7 10 3 6 8 11 0 5 9 2
9 1 1 4 7 10 3 6 8 11 5 0 9 2
5 1 1 4 7 10 3 0 8 11 5 6 9 2
4 1 1 4 7 10 0 3 8 11 5 6 9 2
8 1 1 4 7 10 5 3 8 11 0 6 9 2
5 3 1 4 7 10 5 0 8 11 3 6 9 2
4 1 1 4 7 10 0 5 8 11 3 6 9 2
8 1 1 4 7 10 3 5 8 11 0 6 9 2
11 2 1 4 7 10 3 5 8 11 2 6 9 0
4 3 1 4 7 10 0 5 8 11 2 6 9 3
8 1 1 4 7 10 2 5 8 11 0 6 9 3
11 2 1 4 7 10 2 5 8 11 3 6 9 0
66 1.0420570373535156