0 0 2 4 7 0 5 3 6 1
2 1 2 4 0 7 5 3 6 1
1 1 2 0 4 7 5 3 6 1
5 1 2 3 4 7 5 0 6 1
4 1 2 3 4 7 0 5 6 1
0 1 0 3 4 7 2 5 6 1
5 3 5 3 4 7 2 0 6 1
4 1 5 3 4 7 0 2 6 1
0 1 0 3 4 7 5 2 6 1
7 3 1 3 4 7 5 2 6 0
4 2 1 3 4 7 0 2 6 5
5 1 1 3 4 7 2 0 6 5
6 1 1 3 4 7 2 6 0 5
7 1 1 3 4 7 2 6 5 0
2 3 1 3 0 7 2 6 5 4
6 1 1 3 5 7 2 6 0 4
5 1 1 3 5 7 2 0 6 4
4 1 1 3 5 7 0 2 6 4
7 2 1 3 5 7 4 2 6 0
0 3 0 3 5 7 4 2 6 1
5 3 2 3 5 7 4 0 6 1
4 1 2 3 5 7 0 4 6 1
0 1 0 3 5 7 2 4 6 1
7 3 1 3 5 7 2 4 6 0
37 0.02074909210205078